2010045863 1 1 2 1
2010048278 1 1 2 0
2010054187 1 1 2 1
2010061353 1 1 2 0
2010270066 1 1 2 1
2010280735 1 1 2 0
2010286546 1 1 2 1
2010293481 1 1 2 0
2010328076 1 1 2 1
2010332995 1 1 2 0
2010338715 1 1 2 1
2010345440 1 1 2 0
2010372356 1 1 2 1
2010377492 1 1 2 0
2010380790 1 1 2 1
2010387431 1 1 2 0
2010389938 1 1 2 1
2010395112 1 1 2 0
2010400930 1 1 2 1
2010407462 1 1 2 0
2010572880 1 1 2 1
2010577743 1 1 2 0
2010583680 1 1 2 1
2010591112 1 1 2 0
2010623600 1 1 2 1
2010628890 1 1 2 0
2010655519 1 1 2 1
2010661271 1 1 2 0
2010766846 1 1 2 1
2010773354 1 1 2 0
2010778969 1 1 2 1
2010790644 1 1 2 0
2010805541 1 1 2 1
2010810831 1 1 2 0
2010960506 1 1 2 1
2010966727 1 1 2 0
2011228101 1 1 2 1
2011233944 1 1 2 0
2011266362 1 1 2 1
2011272142 1 1 2 0
2011406235 1 1 2 1
2011411924 1 1 2 0
2011481736 1 1 2 1
2011487544 1 1 2 0
2011514313 1 1 2 1
2011520205 1 1 2 0
2011567043 1 1 2 1
2011572648 1 1 2 0
2012261967 1 1 2 1
2012267614 1 1 2 0
2012273397 1 1 2 1
2012280262 1 1 2 0
2012607646 1 1 2 1
2012613076 1 1 2 0
2012617634 1 1 2 1
2012628420 1 1 2 0
2012653054 1 1 2 1
2012661693 1 1 2 0
2012667511 1 1 2 1
2012674677 1 1 2 0
2012686228 1 1 2 1
2012691518 1 1 2 0
2012886434 1 1 2 1
2012892599 1 1 2 0
2012917303 1 1 2 1
2012922999 1 1 2 0
2012957944 1 1 2 1
2012963864 1 1 2 0
2013007377 1 1 2 1
2013013311 1 1 2 0
2013080750 1 1 2 1
2013086425 1 1 2 0
2013114552 1 1 2 1
2013120528 1 1 2 0
2013231521 1 1 2 1
2013237343 1 1 2 0
2013270447 1 1 2 1
2013276367 1 1 2 0
2013293385 1 1 2 1
2013299137 1 1 2 0
2013567791 1 1 2 1
2013573417 1 1 2 0
2013902208 1 1 2 1
2013908576 1 1 2 0
2013972725 1 1 2 1
2013978610 1 1 2 0
2014045083 1 1 2 1
2014050863 1 1 2 0
2014117567 1 1 2 1
2014123473 1 1 2 0
2014227529 1 1 2 1
2014233204 1 1 2 0
2014345128 1 1 2 1
2014351139 1 1 2 0
2014369830 1 1 2 1
2014375442 1 1 2 0
2014767688 1 1 2 1
2014773622 1 1 2 0
2014787728 1 1 2 1
2014793781 1 1 2 0
2014896192 1 1 2 1
2014901741 1 1 2 0
2015197289 1 1 2 1
2015203083 1 1 2 0
2015218008 1 1 2 1
2015223977 1 1 2 0
2015253098 1 1 2 1
2015258808 1 1 2 0
2015272599 1 1 2 1
2015278582 1 1 2 0
2015528630 1 1 2 1
2015534627 1 1 2 0
2015550294 1 1 2 1
2015555955 1 1 2 0
2015586196 1 1 2 1
2015592116 1 1 2 0
2015651309 1 1 2 1
2015657054 1 1 2 0
2015674513 1 1 2 1
2015680412 1 1 2 0
2015725738 1 1 2 1
2015731364 1 1 2 0
2015895235 1 1 2 1
2015901211 1 1 2 0
2015988866 1 1 2 1
2015994688 1 1 2 0
2016084464 1 1 2 1
2016090524 1 1 2 0
2016117846 1 1 2 1
2016123297 1 1 2 0
2016748377 1 1 2 1
2016754535 1 1 2 0
2016940344 1 1 2 1
2016946019 1 1 2 0
2017001047 1 1 2 1
2017006771 1 1 2 0
2017089554 1 1 2 1
2017095516 1 1 2 0
2017202372 1 1 2 1
2017208397 1 1 2 0
2017219178 1 1 2 1
2017224860 1 1 2 0
2017542948 1 1 2 1
2017548693 1 1 2 0
2017805685 1 1 2 1
2017811542 1 1 2 0
2017913015 1 1 2 1
2017918977 1 1 2 0
2017925719 1 1 2 1
2017931709 1 1 2 0
2017952878 1 1 2 1
2017958616 1 1 2 0
2017969929 1 1 2 1
2017975569 1 1 2 0
2017988821 1 1 2 1
2017994944 1 1 2 0
2018107491 1 1 2 1
2018113320 1 1 2 0
2018152325 1 1 2 1
2018158112 1 1 2 0
2018258878 1 1 2 1
2018264784 1 1 2 0
2018375973 1 1 2 1
2018381515 1 1 2 0
2018406695 1 1 2 1
2018412748 1 1 2 0
2018435044 1 1 2 1
2018440810 1 1 2 0
2018627270 1 1 2 1
2018632896 1 1 2 0
2018701896 1 1 2 1
2018707935 1 1 2 0
2019004890 1 1 2 1
2019010460 1 1 2 0
2019011661 0 0 1 1
2019013885 0 0 1 0
2019294080 1 1 2 1
2019297295 0 0 1 1
2019299958 1 1 2 0
2019303229 0 0 1 0
2019466762 1 1 2 1
2019469963 0 0 1 1
2019472563 1 1 2 0
2019475834 0 0 1 0
2019604871 1 1 2 1
2019608205 0 0 1 1
2019610980 1 1 2 0
2019614237 0 0 1 0
2019674093 1 1 2 1
2019677399 0 0 1 1
2019679768 1 1 2 0
2019683039 0 0 1 0
2019697542 1 1 2 1
2019700820 0 0 1 1
2019703574 1 1 2 0
2019706929 0 0 1 0
2019796150 1 1 2 1
2019799386 0 0 1 1
2019801650 1 1 2 0
2019804837 0 0 1 0
2020019533 1 1 2 1
2020022783 0 0 1 1
2020025768 1 1 2 0
2020029081 0 0 1 0
2020147002 1 1 2 1
2020150231 0 0 1 1
2020152341 1 1 2 0
2020155528 0 0 1 0
2020234907 1 1 2 1
2020238087 0 0 1 1
2020241058 1 1 2 0
2020244245 0 0 1 0
2020248948 1 1 2 1
2020252163 0 0 1 1
2020254728 1 1 2 0
2020257985 0 0 1 0
2020367429 1 1 2 1
2020370742 0 0 1 1
2020373314 1 1 2 0
2020376620 0 0 1 0
2020393734 1 1 2 1
2020396963 0 0 1 1
2020399437 1 1 2 0
2020402694 0 0 1 0
2020630389 1 1 2 1
2020636484 1 1 2 0
2020637174 0 0 1 1
2020639706 0 0 1 0
2020716166 1 1 2 1
2020721631 1 1 2 0
2020727498 1 1 2 1
2020734177 0 0 1 1
2020734279 1 1 2 0
2020737501 0 0 1 0
2020825420 1 1 2 1
2020830255 1 1 2 0
2020836108 1 1 2 1
2020843092 1 1 2 0
2020873249 1 1 2 1
2020878035 1 1 2 0
2020883937 1 1 2 1
2020890781 1 1 2 0
2020897908 1 1 2 1
2020902904 1 1 2 0
2021067027 1 1 2 1
2021073507 1 1 2 0
2021138069 1 1 2 1
2021148276 1 1 2 0
2021154129 1 1 2 1
2021161498 1 1 2 0
2021198669 1 1 2 1
2021203819 1 1 2 0
2021437333 1 1 2 1
2021442819 1 1 2 0
2021448707 1 1 2 1
2021455719 1 1 2 0
2021493611 1 1 2 1
2021498656 1 1 2 0
2021505370 1 1 2 1
2021511738 1 1 2 0
2021612826 1 1 2 1
2021618151 1 1 2 0
2021623969 1 1 2 1
2021630729 1 1 2 0
2021647173 1 1 2 1
2021652071 1 1 2 0
2021657973 1 1 2 1
2021664971 1 1 2 0
2021708638 1 1 2 1
2021713487 1 1 2 0
2021719424 1 1 2 1
2021726422 1 1 2 0
2022095302 1 1 2 1
2022100207 1 1 2 0
2022284007 1 1 2 1
2022290340 1 1 2 0
2022321897 1 1 2 1
2022327187 1 1 2 0
2022534227 1 1 2 1
2022540581 1 1 2 0
2022590765 1 1 2 1
2022596482 1 1 2 0
2022631035 1 1 2 1
2022637403 1 1 2 0
2022638038 0 0 1 1
2022640674 0 0 1 0
2022641674 1 1 2 1
2022644945 0 0 1 1
2022652096 1 1 2 0
2022655318 0 0 1 0
2022670374 1 1 2 1
2022673624 0 0 1 1
2022675545 1 1 2 0
2022678851 0 0 1 0
2022717133 1 1 2 1
2022720341 0 0 1 1
2022723270 1 1 2 0
2022726527 0 0 1 0
2022799634 1 1 2 1
2022802856 0 0 1 1
2022805414 1 1 2 0
2022808685 0 0 1 0
2022967696 1 1 2 1
2022971030 0 0 1 1
2022973427 1 1 2 0
2022976733 0 0 1 0
2022994372 1 1 2 1
2022997636 0 0 1 1
2023000383 1 1 2 0
2023003738 0 0 1 0
2023077867 1 1 2 1
2023083430 1 1 2 0
2023288139 1 1 2 1
2023294234 1 1 2 0
2023328976 1 1 2 1
2023334903 1 1 2 0
2023415761 1 1 2 1
2023421366 1 1 2 0
2023569375 1 1 2 1
2023575113 1 1 2 0
2023699910 1 1 2 1
2023705900 1 1 2 0
2023954863 1 1 2 1
2023960930 1 1 2 0
2024084138 1 1 2 1
2024089680 1 1 2 0
2024265367 1 1 2 1
2024271455 1 1 2 0
2024275880 1 1 2 1
2024286421 1 1 2 0
2024414319 1 1 2 1
2024419756 1 1 2 0
2024495476 1 1 2 1
2024501452 1 1 2 0
2024561492 1 1 2 1
2024567300 1 1 2 0
2024952266 1 1 2 1
2024958116 1 1 2 0
2025330951 1 1 2 1
2025336598 1 1 2 0
2025342500 1 1 2 1
2025349897 1 1 2 0
2025352824 1 1 2 1
2025357168 1 1 2 0
2025363105 1 1 2 1
2025370291 1 1 2 0
2025433558 1 1 2 1
2025438645 1 1 2 0
2025528456 1 1 2 1
2025534467 1 1 2 0
2025698310 1 1 2 1
2025704195 1 1 2 0
2025868045 1 1 2 1
2025875952 1 1 2 0
2025878543 1 1 2 1
2025881418 1 1 2 0
2025884681 1 1 2 1
2025888647 1 1 2 0
2025894164 1 1 2 1
2025901963 1 1 2 0
2025913969 1 1 2 1
2025920208 1 1 2 0
2025955825 1 1 2 1
2025960744 1 1 2 0
2025966597 1 1 2 1
2025973847 1 1 2 0
2025978069 1 1 2 1
2025983126 1 1 2 0
2026318875 1 1 2 1
2026325047 1 1 2 0
2026329472 1 1 2 1
2026340244 1 1 2 0
2026522882 1 1 2 1
2026527640 1 1 2 0
2026533374 1 1 2 1
2026540774 1 1 2 0
2026555573 1 1 2 1
2026561329 1 1 2 0
2026572159 1 1 2 1
2026577197 1 1 2 0
2026583099 1 1 2 1
2026590013 1 1 2 0
2026679733 1 1 2 1
2026684288 1 1 2 0
2026690141 1 1 2 1
2026697625 1 1 2 0
2026736511 1 1 2 1
2026742470 1 1 2 0
2026772725 1 1 2 1
2026777770 1 1 2 0
2026783623 1 1 2 1
2026790838 1 1 2 0
2026872907 1 1 2 1
2026878988 1 1 2 0
2026896552 1 1 2 1
2026901520 1 1 2 0
2026907387 1 1 2 1
2026914560 1 1 2 0
2027057851 1 1 2 1
2027061175 0 0 1 1
2027066665 1 1 2 0
2027069887 0 0 1 0
2027072483 1 1 2 1
2027075670 0 0 1 1
2027079460 1 1 2 0
2027082731 0 0 1 0
2027099313 1 1 2 1
2027102654 0 0 1 1
2027104645 1 1 2 0
2027107916 0 0 1 0
2027114936 1 1 2 1
2027118186 0 0 1 1
2027120751 1 1 2 0
2027124022 0 0 1 0
2027222952 1 1 2 1
2027226111 0 0 1 1
2027229194 1 1 2 0
2027232367 0 0 1 0
2027232695 1 1 2 1
2027235882 0 0 1 1
2027238354 1 1 2 0
2027241541 0 0 1 0
2027312569 1 1 2 1
2027315854 0 0 1 1
2027318321 1 1 2 0
2027321592 0 0 1 0
2027438148 1 1 2 1
2027441489 0 0 1 1
2027444124 1 1 2 0
2027447395 0 0 1 0
2027469339 1 1 2 1
2027472631 0 0 1 1
2027474965 1 1 2 0
2027478236 0 0 1 0
2027563313 1 1 2 1
2027566654 0 0 1 1
2027568967 1 1 2 0
2027572238 0 0 1 0
2027574666 1 1 2 1
2027577853 0 0 1 1
2027581440 1 1 2 0
2027584690 0 0 1 0
2027600320 1 1 2 1
2027603619 0 0 1 1
2027605113 1 1 2 0
2027608468 0 0 1 0
2027610980 1 1 2 1
2027614251 0 0 1 1
2027617950 1 1 2 0
2027621221 0 0 1 0
2027916697 1 1 2 1
2027920003 0 0 1 1
2027921742 1 1 2 0
2027925055 0 0 1 0
2027991183 1 1 2 1
2027994405 0 0 1 1
2027997684 1 1 2 0
2028000871 0 0 1 0
2028040574 1 1 2 1
2028043789 0 0 1 1
2028045458 1 1 2 0
2028048729 0 0 1 0
2028051241 1 1 2 1
2028054533 0 0 1 1
2028058337 1 1 2 0
2028061629 0 0 1 0
2028082103 1 1 2 1
2028085339 0 0 1 1
2028088016 1 1 2 0
2028091238 0 0 1 0
2028242269 1 1 2 1
2028245505 0 0 1 1
2028247475 1 1 2 0
2028250697 0 0 1 0
2028392859 1 1 2 1
2028396123 0 0 1 1
2028398436 1 1 2 0
2028401707 0 0 1 0
2028404156 1 1 2 1
2028407399 0 0 1 1
2028411105 1 1 2 0
2028414376 0 0 1 0
2028554571 1 1 2 1
2028557898 0 0 1 1
2028559917 1 1 2 0
2028563181 0 0 1 0
2028589521 1 1 2 1
2028592750 0 0 1 1
2028595448 1 1 2 0
2028598754 0 0 1 0
2028602127 1 1 2 1
2028605377 0 0 1 1
2028607746 1 1 2 0
2028610933 0 0 1 0
2028763280 1 1 2 1
2028766467 0 0 1 1
2028769312 1 1 2 0
2028772239 1 1 2 1
2028772499 0 0 1 0
2028775426 0 0 1 1
2028777858 1 1 2 0
2028781045 0 0 1 0
2028893898 1 1 2 1
2028897106 0 0 1 1
2028899541 1 1 2 0
2028902798 0 0 1 0
2029020243 1 1 2 1
2029023521 0 0 1 1
2029026254 1 1 2 0
2029029525 0 0 1 0
2029143239 1 1 2 1
2029146524 0 0 1 1
2029148900 1 1 2 0
2029152087 0 0 1 0
2029311875 1 1 2 1
2029315083 0 0 1 1
2029317795 1 1 2 0
2029321066 0 0 1 0
2029348764 1 1 2 1
2029352105 0 0 1 1
2029354621 1 1 2 0
2029357976 0 0 1 0
2029360404 1 1 2 1
2029363661 0 0 1 1
2029366240 1 1 2 0
2029369483 0 0 1 0
2029496091 1 1 2 1
2029499334 0 0 1 1
2029501857 1 1 2 0
2029505128 0 0 1 0
2029587447 1 1 2 1
2029590732 0 0 1 1
2029593297 1 1 2 0
2029596568 0 0 1 0
2029647212 1 1 2 1
2029650420 0 0 1 1
2029652838 1 1 2 0
2029656109 0 0 1 0
2029708524 1 1 2 1
2029711816 0 0 1 1
2029714472 1 1 2 0
2029717750 0 0 1 0
2029722936 1 1 2 1
2029726207 0 0 1 1
2029728457 1 1 2 0
2029731728 0 0 1 0
2029841921 1 1 2 1
2029847925 1 1 2 0
2029855696 1 1 2 1
2029861371 1 1 2 0
2029940017 1 1 2 1
2029946168 1 1 2 0
2029951132 1 1 2 1
2029953340 0 0 1 1
2029962247 1 1 2 0
2029965553 0 0 1 0
2030260903 1 1 2 1
2030266130 1 1 2 0
2030271983 1 1 2 1
2030276001 0 0 1 1
2030278932 1 1 2 0
2030282154 0 0 1 0
2030331636 1 1 2 1
2030334858 0 0 1 1
2030336583 1 1 2 0
2030339889 0 0 1 0
2030461107 1 1 2 1
2030464357 0 0 1 1
2030467300 1 1 2 0
2030470571 0 0 1 0
2030574184 1 1 2 1
2030577406 0 0 1 1
2030579845 1 1 2 0
2030583088 0 0 1 0
2030712174 1 1 2 1
2030715410 0 0 1 1
2030718150 1 1 2 0
2030721421 0 0 1 0
2030797370 1 1 2 1
2030800627 0 0 1 1
2030803045 1 1 2 0
2030806316 0 0 1 0
2031280131 1 1 2 1
2031286569 1 1 2 0
2031407271 1 1 2 1
2031412841 1 1 2 0
2031556475 1 1 2 1
2031562430 1 1 2 0
2031726098 1 1 2 1
2031731549 1 1 2 0
2031737353 1 1 2 1
2031741132 0 0 1 1
2031744330 1 1 2 0
2031747601 0 0 1 0
2031881384 1 1 2 1
2031884571 0 0 1 1
2031886303 1 1 2 0
2031889609 0 0 1 0
2031939560 1 1 2 1
2031942873 0 0 1 1
2031945634 1 1 2 0
2031948891 0 0 1 0
2032221806 1 1 2 1
2032227817 1 1 2 0
2032311671 1 1 2 1
2032317408 0 0 1 1
2032317577 1 1 2 0
2032320848 0 0 1 0
2032520095 1 1 2 1
2032525819 1 1 2 0
2032549732 1 1 2 1
2032555750 1 1 2 0
2032714812 1 1 2 1
2032720347 1 1 2 0
2032996596 1 1 2 1
2033002593 1 1 2 0
2033112858 1 1 2 1
2033118946 1 1 2 0
2033144581 1 1 2 1
2033149836 1 1 2 0
2033155787 1 1 2 1
2033162806 1 1 2 0
2033250979 1 1 2 1
2033255730 1 1 2 0
2033261464 1 1 2 1
2033268749 1 1 2 0
2033346212 1 1 2 1
2033351397 1 1 2 0
2033477188 1 1 2 1
2033482926 1 1 2 0
2033708691 1 1 2 1
2033714723 1 1 2 0
2033743305 1 1 2 1
2033749092 1 1 2 0
2033863193 1 1 2 1
2033868441 1 1 2 0
2033874329 1 1 2 1
2033881537 1 1 2 0
2033984564 1 1 2 1
2033990127 1 1 2 0
2034140705 1 1 2 1
2034146506 1 1 2 0
2034150896 1 1 2 1
2034161997 1 1 2 0
2034273046 1 1 2 1
2034277769 1 1 2 0
2034283468 1 1 2 1
2034290620 1 1 2 0
2034312965 1 1 2 1
2034318570 1 1 2 0
2034486165 1 1 2 1
2034491882 1 1 2 0
2034812161 1 1 2 1
2034818025 1 1 2 0
2034877421 1 1 2 1
2034883257 1 1 2 0
2034954581 1 1 2 1
2034965789 1 1 2 0
2034971439 1 1 2 1
2034982360 1 1 2 0
2035010634 1 1 2 1
2035016036 1 1 2 0
2035170464 1 1 2 1
2035176636 1 1 2 0
2035212106 1 1 2 1
2035217627 1 1 2 0
2035231985 1 1 2 1
2035238185 1 1 2 0
2035269980 1 1 2 1
2035275396 1 1 2 0
2035374139 1 1 2 1
2035379990 1 1 2 0
2035417028 1 1 2 1
2035423101 1 1 2 0
2035437872 1 1 2 1
2035443582 1 1 2 0
2036332114 1 1 2 1
2036338909 1 1 2 0
2036348178 1 1 2 1
2036353104 1 1 2 0
2036358908 1 1 2 1
2036366123 1 1 2 0
2036423825 1 1 2 1
2036429059 1 1 2 0
2036570719 1 1 2 1
2036576884 1 1 2 0
2036655208 1 1 2 1
2036660666 1 1 2 0
2036869519 1 1 2 1
2036876020 1 1 2 0
2036880627 1 1 2 1
2036891042 1 1 2 0
2036910104 1 1 2 1
2036915457 1 1 2 0
2036981139 1 1 2 1
2036987332 1 1 2 0
2037093607 1 1 2 1
2037099170 1 1 2 0
2037336996 1 1 2 1
2037342713 1 1 2 0
2037352213 1 1 2 1
2037358420 1 1 2 0
2037369516 1 1 2 1
2037375051 1 1 2 0
2037381625 1 1 2 1
2037387755 1 1 2 0
2037856455 1 1 2 1
2037862046 1 1 2 0
2037914029 1 1 2 1
2037920166 1 1 2 0
2038040812 1 1 2 1
2038046060 1 1 2 0
2038051815 1 1 2 1
2038058757 1 1 2 0
2038203679 1 1 2 1
2038208871 1 1 2 0
2038366596 1 1 2 1
2038372572 1 1 2 0
2038465652 1 1 2 1
2038471425 1 1 2 0
2038511480 1 1 2 1
2038517344 1 1 2 0
2038539941 1 1 2 1
2038545798 1 1 2 0
2038569305 1 1 2 1
2038575036 1 1 2 0
2038657112 1 1 2 1
2038663011 1 1 2 0
2038682248 1 1 2 1
2038688063 1 1 2 0
2038721349 1 1 2 1
2038727066 1 1 2 0
2039107223 1 1 2 1
2039112828 1 1 2 0
2039169340 1 1 2 1
2039175225 1 1 2 0
2039188813 1 1 2 1
2039194782 1 1 2 0
2039532022 1 1 2 1
2039537935 1 1 2 0
2039690669 1 1 2 1
2039696316 1 1 2 0
2040003589 1 1 2 1
2040009747 1 1 2 0
2040124947 1 1 2 1
2040130342 1 1 2 0
2040136160 1 1 2 1
2040142941 1 1 2 0
2040174981 1 1 2 1
2040179802 1 1 2 0
2040185606 1 1 2 1
2040192884 1 1 2 0
2040222201 1 1 2 1
2040228044 1 1 2 0
2040250242 1 1 2 1
2040255420 1 1 2 0
2040261322 1 1 2 1
2040267935 1 1 2 0
2040293052 1 1 2 1
2040298076 1 1 2 0
2040303859 1 1 2 1
2040310654 1 1 2 0
2040387158 1 1 2 1
2040396241 0 0 1 1
2040398446 1 1 2 0
2040401668 0 0 1 0
2040474952 1 1 2 1
2040478242 0 0 1 1
2040480047 1 1 2 0
2040483304 0 0 1 0
2040485634 1 1 2 1
2040488870 0 0 1 1
2040497451 1 1 2 0
2040500722 0 0 1 0
2040516142 1 1 2 1
2040519336 0 0 1 1
2040521586 1 1 2 0
2040524857 0 0 1 0
2041075000 1 1 2 1
2041080598 1 1 2 0
2041086367 1 1 2 1
2041093379 1 1 2 0
2041108423 1 1 2 1
2041113188 1 1 2 0
2041119055 1 1 2 1
2041122701 0 0 1 1
2041126284 1 1 2 0
2041129590 0 0 1 0
2041153907 1 1 2 1
2041157143 0 0 1 1
2041159169 1 1 2 0
2041162356 0 0 1 0
2041165876 1 1 2 1
2041169133 0 0 1 1
2041171852 1 1 2 0
2041175046 0 0 1 0
2041311020 1 1 2 1
2041316142 0 0 1 1
2041316681 1 1 2 0
2041319952 0 0 1 0
2041327735 1 1 2 1
2041330929 0 0 1 1
2041333851 1 1 2 0
2041337073 0 0 1 0
2041559469 1 1 2 1
2041564983 1 1 2 0
2041794556 1 1 2 1
2041800413 1 1 2 0
2041908123 1 1 2 1
2041914071 1 1 2 0
2041926700 1 1 2 1
2041932718 1 1 2 0
2042003811 1 1 2 1
2042009493 1 1 2 0
2042032335 1 1 2 1
2042038234 1 1 2 0
2042116250 1 1 2 1
2042122016 1 1 2 0
2042313425 1 1 2 1
2042319394 1 1 2 0
2042492260 1 1 2 1
2042497949 1 1 2 0
2042595229 1 1 2 1
2042601247 1 1 2 0
2042651116 1 1 2 1
2042656980 1 1 2 0
2042680284 1 1 2 1
2042685987 1 1 2 0
2042719469 1 1 2 1
2042725417 1 1 2 0
2042892018 1 1 2 1
2042897679 1 1 2 0
2042903385 1 1 2 1
2042909886 1 1 2 0
2042945489 1 1 2 1
2042950380 1 1 2 0
2042956282 1 1 2 1
2042963392 1 1 2 0
2042974726 1 1 2 1
2042979505 1 1 2 0
2042985288 1 1 2 1
2042992454 1 1 2 0
2043243405 1 1 2 1
2043248380 1 1 2 0
2043327586 1 1 2 1
2043333611 1 1 2 0
2043421364 1 1 2 1
2043427312 1 1 2 0
2043458043 1 1 2 1
2043463942 1 1 2 0
2043493084 1 1 2 1
2043498535 1 1 2 0
2043696006 1 1 2 1
2043701653 1 1 2 0
2043707387 1 1 2 1
2043714322 1 1 2 0
2043856262 1 1 2 1
2043861062 1 1 2 0
2043866950 1 1 2 1
2043874130 1 1 2 0
2043968043 1 1 2 1
2043973312 1 1 2 0
2044044076 1 1 2 1
2044049982 1 1 2 0
2044251135 1 1 2 1
2044256670 1 1 2 0
2044346740 1 1 2 1
2044352926 1 1 2 0
2044508726 1 1 2 1
2044514492 1 1 2 0
2044517958 1 1 2 1
2044529937 1 1 2 0
2044607477 1 1 2 1
2044610816 0 0 1 1
2044613232 1 1 2 0
2044616454 0 0 1 0
2044879849 1 1 2 1
2044885041 1 1 2 0
2044890775 1 1 2 1
2044898231 1 1 2 0
2044974696 1 1 2 1
2044980736 1 1 2 0
2044988913 1 1 2 1
2044993678 1 1 2 0
2044999496 1 1 2 1
2045006557 1 1 2 0
2045050917 1 1 2 1
2045061257 1 1 2 0
2045067026 1 1 2 1
2045074559 1 1 2 0
2045164979 1 1 2 1
2045171120 1 1 2 0
2045388233 1 1 2 1
2045393257 1 1 2 0
2045399110 1 1 2 1
2045405905 1 1 2 0
2045470215 1 1 2 1
2045475050 1 1 2 0
2045480868 1 1 2 1
2045487894 1 1 2 0
2045577992 1 1 2 1
2045583492 1 1 2 0
2045744444 1 1 2 1
2045750245 1 1 2 0
2045880964 1 1 2 1
2045886821 1 1 2 0
2045909194 1 1 2 1
2045914974 1 1 2 0
2045957185 1 1 2 1
2045962972 1 1 2 0
2046113942 1 1 2 1
2046119918 1 1 2 0
2046131658 1 1 2 1
2046137459 1 1 2 0
2046250895 1 1 2 1
2046256654 1 1 2 0
2046610827 1 1 2 1
2046616425 1 1 2 0
2046637377 1 1 2 1
2046643556 1 1 2 0
2046696050 1 1 2 1
2046701599 1 1 2 0
2046915800 1 1 2 1
2046921496 1 1 2 0
2046927314 1 1 2 1
2046934158 1 1 2 0
2047057653 1 1 2 1
2047062572 1 1 2 0
2047068544 1 1 2 1
2047075542 1 1 2 0
2047219330 1 1 2 1
2047224109 1 1 2 0
2047229997 1 1 2 1
2047237247 1 1 2 0
2047282825 1 1 2 1
2047287877 1 1 2 0
2047442053 1 1 2 1
2047448162 1 1 2 0
2047788853 1 1 2 1
2047794528 1 1 2 0
2047883975 1 1 2 1
2047890126 1 1 2 0
2047941339 1 1 2 1
2047946811 1 1 2 0
2048067198 1 1 2 1
2048072929 1 1 2 0
2048078768 1 1 2 1
2048085500 1 1 2 0
2048146282 1 1 2 1
2048151145 1 1 2 0
2048156998 1 1 2 1
2048163975 1 1 2 0
2048332949 1 1 2 1
2048337889 1 1 2 0
2048874405 1 1 2 1
2048880353 1 1 2 0
2048898491 1 1 2 1
2048904607 1 1 2 0
2049065790 1 1 2 1
2049071311 1 1 2 0
2049164958 1 1 2 1
2049171004 1 1 2 0
2049176878 1 1 2 1
2049180100 0 0 1 1
2049182308 1 1 2 0
2049185565 0 0 1 0
2049188196 1 1 2 1
2049191467 0 0 1 1
2049194788 1 1 2 0
2049197961 0 0 1 0
2049678335 1 1 2 1
2049681543 0 0 1 1
2049683352 1 1 2 0
2049686623 0 0 1 0
2049689303 1 1 2 1
2049692525 0 0 1 1
2049696063 1 1 2 0
2049699285 0 0 1 0
2049717400 1 1 2 1
2049720615 0 0 1 1
2049722228 1 1 2 0
2049725471 0 0 1 0
2049728067 1 1 2 1
2049731275 0 0 1 1
2049735156 1 1 2 0
2049738364 0 0 1 0
2049748506 1 1 2 1
2049751714 0 0 1 1
2049753817 1 1 2 0
2049757025 0 0 1 0
2049878124 1 1 2 1
2049881395 0 0 1 1
2049884051 1 1 2 0
2049887308 0 0 1 0
2050151529 1 1 2 1
2050157512 1 1 2 0
2050297982 1 1 2 1
2050303482 1 1 2 0
2050390731 1 1 2 1
2050396735 1 1 2 0
2050538332 1 1 2 1
2050544049 1 1 2 0
2050620056 1 1 2 1
2050626039 1 1 2 0
2050725510 1 1 2 1
2050731290 1 1 2 0
2050891759 1 1 2 1
2050897868 1 1 2 0
2051033641 1 1 2 1
2051039057 1 1 2 0
2051116331 1 1 2 1
2051122615 1 1 2 0
2051318434 1 1 2 1
2051324228 1 1 2 0
2051369694 1 1 2 1
2051375271 1 1 2 0
2051512353 1 1 2 1
2051518336 1 1 2 0
2051546057 1 1 2 1
2051552026 1 1 2 0
2051623126 1 1 2 1
2051628836 1 1 2 0
2051730981 1 1 2 1
2051736894 1 1 2 0
2051761563 1 1 2 1
2051767350 1 1 2 0
2051963750 1 1 2 1
2051969621 1 1 2 0
2052137909 1 1 2 1
2052143822 1 1 2 0
2052246513 1 1 2 1
2052252517 1 1 2 0
2052347809 1 1 2 1
2052353638 1 1 2 0
2052372280 1 1 2 1
2052378235 1 1 2 0
2052388260 1 1 2 1
2052394054 1 1 2 0
2052430308 1 1 2 1
2052436235 1 1 2 0
2052525801 1 1 2 1
2052531553 1 1 2 0
2052641258 1 1 2 1
2052647213 1 1 2 0
2052689767 1 1 2 1
2052695302 1 1 2 0
2053073478 1 1 2 1
2053079279 1 1 2 0
2053461837 1 1 2 1
2053467841 1 1 2 0
2053507651 1 1 2 1
2053513557 1 1 2 0
2053637360 1 1 2 1
2053643126 1 1 2 0
2053881561 1 1 2 1
2053887754 1 1 2 0
2053891773 1 1 2 1
2053901810 1 1 2 0
2054117453 1 1 2 1
2054122582 1 1 2 0
2054128449 1 1 2 1
2054135454 1 1 2 0
2054209417 1 1 2 1
2054214469 1 1 2 0
2054298666 1 1 2 1
2054304831 1 1 2 0
2054309977 1 1 2 1
2054321120 1 1 2 0
2054624816 1 1 2 1
2054629959 1 1 2 0
2054635728 1 1 2 1
2054642817 1 1 2 0
2054677174 1 1 2 1
2054682765 1 1 2 0
2054686231 1 1 2 1
2054692221 1 1 2 0
2054723680 1 1 2 1
2054729302 1 1 2 0
2055004676 1 1 2 1
2055010736 1 1 2 0
2055051925 1 1 2 1
2055057523 1 1 2 0
2055064202 1 1 2 1
2055070185 1 1 2 0
2055145394 1 1 2 1
2055151202 1 1 2 0
2055179560 1 1 2 1
2055185228 1 1 2 0
2055262180 1 1 2 1
2055268191 1 1 2 0
2055298404 1 1 2 1
2055303988 1 1 2 0
2055489538 1 1 2 1
2055495521 1 1 2 0
2055576050 1 1 2 1
2055581942 1 1 2 0
2055723798 1 1 2 1
2055729718 1 1 2 0
2055778229 1 1 2 1
2055784212 1 1 2 0
2055897046 1 1 2 1
2055902910 1 1 2 0
2056011845 1 1 2 1
2056017674 1 1 2 0
2057142694 1 1 2 1
2057148691 1 1 2 0
2057254392 1 1 2 1
2057259906 1 1 2 0
2057434900 1 1 2 1
2057440967 1 1 2 0
2057457446 1 1 2 1
2057468241 1 1 2 0
2057473975 1 1 2 1
2057480959 1 1 2 0
2057722579 1 1 2 1
2057727645 1 1 2 0
2058287506 1 1 2 1
2058293349 1 1 2 0
2058378148 1 1 2 1
2058383627 1 1 2 0
2058389445 1 1 2 1
2058396429 1 1 2 0
2058481809 1 1 2 1
2058486651 1 1 2 0
2058492504 1 1 2 1
2058499691 1 1 2 0
2058632083 1 1 2 1
2058637380 1 1 2 0
2058948853 1 1 2 1
2058954815 1 1 2 0
2058973030 1 1 2 1
2058978656 1 1 2 0
2059126385 1 1 2 1
2059132123 1 1 2 0
2059450323 1 1 2 1
2059456131 1 1 2 0
2059461935 1 1 2 1
2059468828 1 1 2 0
2059568775 1 1 2 1
2059573568 1 1 2 0
2059579435 1 1 2 1
2059585828 0 0 1 1
2059586433 1 1 2 0
2059589655 0 0 1 0
2059611396 1 1 2 1
2059614597 0 0 1 1
2059616448 1 1 2 0
2059619656 0 0 1 0
2059862884 1 1 2 1
2059866155 0 0 1 1
2059868797 1 1 2 0
2059872068 0 0 1 0
2059886382 1 1 2 1
2059889653 0 0 1 1
2059892239 1 1 2 0
2059895461 0 0 1 0
2059946833 1 1 2 1
2059950013 0 0 1 1
2059952725 1 1 2 0
2059955996 0 0 1 0
2060006647 1 1 2 1
2060009883 0 0 1 1
2060012574 1 1 2 0
2060015831 0 0 1 0
2060029641 1 1 2 1
2060032849 0 0 1 1
2060035197 1 1 2 0
2060038468 0 0 1 0
2060063975 1 1 2 1
2060067225 0 0 1 1
2060070105 1 1 2 0
2060073397 0 0 1 0
2060083252 1 1 2 1
2060086481 0 0 1 1
2060088892 1 1 2 0
2060092135 0 0 1 0
2060187726 1 1 2 1
2060190920 0 0 1 1
2060193618 1 1 2 0
2060196875 0 0 1 0
2060236522 1 1 2 1
2060239786 0 0 1 1
2060242344 1 1 2 0
2060245601 0 0 1 0
2060334542 1 1 2 1
2060337771 0 0 1 1
2060340357 1 1 2 0
2060343614 0 0 1 0
2060398304 1 1 2 1
2060401596 0 0 1 1
2060404322 1 1 2 0
2060407628 0 0 1 0
2060670323 1 1 2 1
2060673622 0 0 1 1
2060675858 1 1 2 0
2060679150 0 0 1 0
2060967045 1 1 2 1
2060970274 0 0 1 1
2060972622 1 1 2 0
2060975879 0 0 1 0
2060978559 1 1 2 1
2060981830 0 0 1 1
2060985606 1 1 2 0
2060988877 0 0 1 0
2061064693 1 1 2 1
2061067985 0 0 1 1
2061069486 1 1 2 0
2061072673 0 0 1 0
2061075269 1 1 2 1
2061078526 0 0 1 1
2061082449 1 1 2 0
2061085636 0 0 1 0
2061140753 1 1 2 1
2061143940 0 0 1 1
2061150799 1 1 2 0
2061153972 0 0 1 0
2061223026 1 1 2 1
2061226234 0 0 1 1
2061228897 1 1 2 0
2061232168 0 0 1 0
2061246118 1 1 2 1
2061249403 0 0 1 1
2061252003 1 1 2 0
2061255260 0 0 1 0
2061434116 1 1 2 1
2061437380 0 0 1 1
2061439938 1 1 2 0
2061443195 0 0 1 0
2061446967 1 1 2 1
2061450189 0 0 1 1
2061453090 1 1 2 0
2061456277 0 0 1 0
2061921538 1 1 2 1
2061924781 0 0 1 1
2061926891 1 1 2 0
2061930218 0 0 1 0
2061992769 1 1 2 1
2061996012 0 0 1 1
2061998906 1 1 2 0
2062002086 0 0 1 0
2062213562 1 1 2 1
2062216784 0 0 1 1
2062219538 1 1 2 0
2062222746 0 0 1 0
2062237984 1 1 2 1
2062241227 0 0 1 1
2062243918 1 1 2 0
2062247140 0 0 1 0
2062319750 1 1 2 1
2062322993 0 0 1 1
2062325586 1 1 2 0
2062328864 0 0 1 0
2062384996 1 1 2 1
2062388274 0 0 1 1
2062390706 1 1 2 0
2062393977 0 0 1 0
2062425413 1 1 2 1
2062428642 0 0 1 1
2062431410 1 1 2 0
2062434681 0 0 1 0
2062458508 1 1 2 1
2062461800 0 0 1 1
2062463875 1 1 2 0
2062467230 0 0 1 0
2062747208 1 1 2 1
2062750472 0 0 1 1
2062753163 1 1 2 0
2062756434 0 0 1 0
2062790698 1 1 2 1
2062793962 0 0 1 1
2062796744 1 1 2 0
2062800015 0 0 1 0
2062891805 1 1 2 1
2062895041 0 0 1 1
2062897543 1 1 2 0
2062900730 0 0 1 0
2062966060 1 1 2 1
2062969254 0 0 1 1
2062971875 1 1 2 0
2062975083 0 0 1 0
2063022052 1 1 2 1
2063025239 0 0 1 1
2063027762 1 1 2 0
2063030921 0 0 1 0
2063184143 1 1 2 1
2063187330 0 0 1 1
2063190392 1 1 2 0
2063193579 0 0 1 0
2063234269 1 1 2 1
2063237428 0 0 1 1
2063239776 1 1 2 0
2063243040 0 0 1 0
2063332870 1 1 2 1
2063336162 0 0 1 1
2063338678 1 1 2 0
2063341984 0 0 1 0
2063579108 1 1 2 1
2063582414 0 0 1 1
2063584776 1 1 2 0
2063588047 0 0 1 0
2064084773 1 1 2 1
2064088023 0 0 1 1
2064090742 1 1 2 0
2064093929 0 0 1 0
2064641629 1 1 2 1
2064647675 1 1 2 0
2064648360 0 0 1 1
2064650981 0 0 1 0
2064656790 1 1 2 1
2064660047 0 0 1 1
2064662570 1 1 2 0
2064665792 0 0 1 0
2065118299 1 1 2 1
2065121591 0 0 1 1
2065124121 1 1 2 0
2065127392 0 0 1 0
2065137051 1 1 2 1
2065140231 0 0 1 1
2065142901 1 1 2 0
2065146158 0 0 1 0
2065332231 1 1 2 1
2065335516 0 0 1 1
2065337990 1 1 2 0
2065341247 0 0 1 0
2065367762 1 1 2 1
2065370977 0 0 1 1
2065373717 1 1 2 0
2065376974 0 0 1 0
2065471473 1 1 2 1
2065474758 0 0 1 1
2065476994 1 1 2 0
2065480265 0 0 1 0
2065568821 1 1 2 1
2065572036 0 0 1 1
2065574867 1 1 2 0
2065578054 0 0 1 0
2065615902 1 1 2 1
2065619145 0 0 1 1
2065621773 1 1 2 0
2065625016 0 0 1 0
2065722420 1 1 2 1
2065725635 0 0 1 1
2065728228 1 1 2 0
2065731499 0 0 1 0
2065766603 1 1 2 1
2065769846 0 0 1 1
2065772509 1 1 2 0
2065775766 0 0 1 0
2065911964 1 1 2 1
2065915242 0 0 1 1
2065917786 1 1 2 0
2065921015 0 0 1 0
2066141339 1 1 2 1
2066147182 1 1 2 0
2066183226 1 1 2 1
2066188992 1 1 2 0
2066218967 1 1 2 1
2066224859 1 1 2 0
