2005781056 350 1 7 1
2005785083 350 1 7 0
2005787983 350 1 7 1
2005794748 350 1 7 0
2005797699 350 1 7 1
2005804566 350 1 7 0
2005807583 350 1 7 1
2005814305 350 1 7 0
2005817188 350 1 7 1
2005823552 350 1 7 0
2005826662 350 1 7 1
2005832729 350 1 7 0
2005835786 350 1 7 1
2005841156 350 1 7 0
2005844641 350 1 7 1
2005844641 350 1 7 0
2005844662 350 1 7 1
2005849517 350 1 7 0
2005852445 350 1 7 1
2005858458 350 1 7 0
2005861663 350 1 7 1
2005868939 350 1 7 0
2005871650 350 1 7 1
2005882482 350 1 7 0
2005885179 350 1 7 1
2005895444 350 1 7 0
2005898127 350 1 7 1
2005905388 348 1 7 1
2005907829 350 1 7 0
2005908122 348 1 7 0
2005910870 350 1 7 1
2005911226 348 1 7 1
2005916245 348 1 7 0
2005917568 350 1 7 0
2005919891 348 1 7 1
2005920070 350 1 7 1
2005924069 348 1 7 0
2005926731 350 1 7 0
2005927293 348 1 7 1
2005927357 348 1 7 0
2005927374 348 1 7 1
2005929454 350 1 7 1
2005931782 348 1 7 0
2005935239 348 1 7 1
2005935259 348 1 7 0
2005935298 348 1 7 1
2005937175 350 1 7 0
2005939469 348 1 7 0
2005940520 350 1 7 1
2005942139 348 1 7 1
2005947007 348 1 7 0
2005947325 350 1 7 0
2005950269 348 1 7 1
2005950269 348 1 7 0
2005950309 350 1 7 1
2005950329 348 1 7 1
2005956452 348 1 7 0
2005957651 350 1 7 0
2005959873 348 1 7 1
2005960094 350 1 7 1
2005966800 348 1 7 0
2005967298 350 1 7 0
2005969922 348 1 7 1
2005970037 350 1 7 1
2005976073 348 1 7 0
2005977532 350 1 7 0
2005979159 348 1 7 1
2005980336 350 1 7 1
2005986346 348 1 7 0
2005987389 350 1 7 0
2005989509 348 1 7 1
2005990014 350 1 7 1
2005996127 350 1 7 0
2005996954 348 1 7 0
2005999205 350 1 7 1
2005999697 348 1 7 1
2006005484 348 1 7 0
2006006158 350 1 7 0
2006008760 348 1 7 1
2006009277 350 1 7 1
2006014614 348 1 7 0
2006014989 350 1 7 0
2006017748 348 1 7 1
2006017987 350 1 7 1
2006022665 348 1 7 0
2006024458 350 1 7 0
2006026172 348 1 7 1
2006027556 350 1 7 1
2006032260 348 1 7 0
2006033011 350 1 7 0
2006035525 348 1 7 1
2006035989 350 1 7 1
2006040344 348 1 7 0
2006042318 350 1 7 0
2006043630 348 1 7 1
2006045439 350 1 7 1
2006048657 348 1 7 0
2006052344 348 1 7 1
2006052474 350 1 7 0
2006055155 350 1 7 1
2006055804 348 1 7 0
2006059536 348 1 7 1
2006062922 350 1 7 0
2006063916 348 1 7 0
2006066125 350 1 7 1
2006066630 348 1 7 1
2006072161 348 1 7 0
2006074617 350 1 7 0
2006075458 348 1 7 1
2006077511 350 1 7 1
2006080289 348 1 7 0
2006084063 348 1 7 1
2006085081 350 1 7 0
2006087969 350 1 7 1
2006088583 348 1 7 0
2006091971 348 1 7 1
2006094722 350 1 7 0
2006096075 348 1 7 0
2006098076 350 1 7 1
2006099622 348 1 7 1
2006103091 350 1 7 0
2006104229 348 1 7 0
2006106881 350 1 7 1
2006108950 348 1 7 1
2006111731 348 1 7 0
2006111820 350 1 7 0
2006115390 350 1 7 1
2006117103 348 1 7 1
2006121078 348 1 7 0
2006122929 350 1 7 0
2006125004 348 1 7 1
2006125660 350 1 7 1
2006130125 348 1 7 0
2006132409 350 1 7 0
2006134176 348 1 7 1
2006135319 350 1 7 1
2006139121 348 1 7 0
2006141924 350 1 7 0
2006142868 348 1 7 1
2006144844 350 1 7 1
2006147223 348 1 7 0
2006150915 350 1 7 0
2006152455 348 1 7 1
2006153675 350 1 7 1
2006155779 348 1 7 0
2006158647 350 1 7 0
2006160946 348 1 7 1
2006161407 350 1 7 1
2006165737 348 1 7 0
2006167251 350 1 7 0
2006169600 348 1 7 1
2006170191 350 1 7 1
2006173368 348 1 7 0
2006175729 350 1 7 0
2006178363 348 1 7 1
2006178649 350 1 7 1
2006181462 348 1 7 0
2006184236 350 1 7 0
2006187649 350 1 7 1
2006192541 350 1 7 0
2006195801 350 1 7 1
2006200617 350 1 7 0
2006203892 350 1 7 1
2006208836 350 1 7 0
2006212147 350 1 7 1
2006217389 350 1 7 0
2006220989 350 1 7 1
2006227015 350 1 7 0
2006231215 350 1 7 1
2006236324 350 1 7 0
2006240160 350 1 7 1
2006244773 350 1 7 0
2006248621 350 1 7 1
2006252451 350 1 7 0
2006256288 350 1 7 1
2006259565 350 1 7 0
2006263664 350 1 7 1
2006267417 350 1 7 0
2006271794 350 1 7 1
2006275110 350 1 7 0
2006282208 350 1 7 1
2006282254 350 1 7 0
2006282290 350 1 7 1
2006282314 350 1 7 0
2006282371 350 1 7 1
2006284791 350 1 7 0
2006289410 350 1 7 1
2006292830 350 1 7 0
2006296971 350 1 7 1
2006300446 350 1 7 0
2006304572 350 1 7 1
2006307806 350 1 7 0
2006311572 350 1 7 1
2006314998 350 1 7 0
2006318473 350 1 7 1
2006321666 350 1 7 0
2006325366 350 1 7 1
2006330082 350 1 7 0
2006333022 350 1 7 1
2006339054 350 1 7 0
2006342306 350 1 7 1
2006342306 350 1 7 0
2006342374 350 1 7 1
2006348938 350 1 7 0
2006352778 350 1 7 1
2006359081 350 1 7 0
2006362601 350 1 7 1
2006368464 350 1 7 0
2006371484 350 1 7 1
2006381691 350 1 7 0
2006385685 350 1 7 1
2006395495 350 1 7 0
2006399721 350 1 7 1
2006406856 350 1 7 0
2006410322 350 1 7 1
2006416745 350 1 7 0
2006420123 350 1 7 1
2006426713 350 1 7 0
2006430245 350 1 7 1
2006436345 350 1 7 0
2006439850 350 1 7 1
2006446550 350 1 7 0
2006449821 350 1 7 1
2006455514 350 1 7 0
2006458650 350 1 7 1
2006465051 350 1 7 0
2006468406 350 1 7 1
2006474696 350 1 7 0
2006478218 350 1 7 1
2006482944 350 1 7 0
