2005460664 355 1 6 1
2005467322 355 1 6 0
2005471013 355 1 6 1
2005477430 355 1 6 0
2005480378 355 1 6 1
2005486580 355 1 6 0
2005490369 355 1 6 1
2005495382 355 1 6 0
2005499737 355 1 6 1
2005504907 355 1 6 0
2005508697 355 1 6 1
2005513779 355 1 6 0
2005517490 355 1 6 1
2005524710 355 1 6 0
2005528562 355 1 6 1
2005533479 355 1 6 0
2005536376 355 1 6 1
2005542528 355 1 6 0
2005546802 355 1 6 1
2005550496 355 1 6 0
2005554268 355 1 6 1
2005559405 355 1 6 0
2005562890 355 1 6 1
2005568365 355 1 6 0
2005571796 355 1 6 1
2005576784 355 1 6 0
2005580803 355 1 6 1
2005585251 355 1 6 0
2005589401 355 1 6 1
2005593514 355 1 6 0
2005597456 355 1 6 1
2005600698 355 1 6 0
2005604780 355 1 6 1
2005607019 355 1 6 0
