time: 2000000000
1 1 1
1 2 1
2 1 1
2 2 1
3 1 1
3 2 1
4 1 1
4 2 1
5 1 1
5 2 1
time: 2100000000
1 1 1000001
1 2 998732 1269
2 1 1000001
2 2 998198 1303 36 160 116 10 17 7 12 8 4 2 6 8 10 4 3 3 4 2 2 4 4 3 3 72
3 1 1000001
3 2 998745 1256
4 1 1000001
4 2 998759 1242
5 1 1000001
5 2 998760 1241
time: 2200000000
1 1 2000001
1 2 1997533 2468
2 1 2000001
2 2 1996666 2534 64 285 119 155 17 7 12 8 4 2 6 8 10 4 3 3 4 2 2 4 4 3 3 72
3 1 2000001
3 2 1997549 2452
4 1 2000001
4 2 1997581 2420
5 1 2000001
5 2 1997602 2399
time: 2300000000
1 1 3000001
1 2 2996363 3638
2 1 3000001
2 2 2994651 3748 142 511 130 164 26 16 20 36 14 6 156 19 16 11 10 8 13 57 10 10 8 7 8 130 2 1 2 2 2 2 2 0 1 2 2 2 2 2 1 1 1 2 2 43
3 1 3000001
3 2 2996431 3570
4 1 3000001
4 2 2996476 3525
5 1 3000001
5 2 2996476 3525
time: 2400000000
1 1 4000001
1 2 3995211 4790
2 1 4000001
2 2 3992852 4986 217 678 144 171 32 23 27 43 22 9 163 25 22 18 18 20 50 60 14 16 12 13 14 170 3 3 4 3 3 4 3 2 3 4 3 4 3 4 3 3 1 4 82 43
3 1 4000001
3 2 3995282 4719
4 1 4000001
4 2 3995348 4653
5 1 4000001
5 2 3995359 4642
time: 2500000000
1 1 5000001
1 2 4993969 6032
2 1 5000001
2 2 4991024 6240 251 792 151 234 37 28 31 48 27 12 242 30 27 21 23 26 56 63 19 19 18 18 19 271 7 7 8 7 3 7 19 13 7 8 6 7 12 10 4 5 2 6 84 44 2 1 2 2 1
3 1 5000001
3 2 4994085 5916
4 1 5000001
4 2 4994143 5858
5 1 5000001
5 2 4994138 5863
time: 2600000000
1 1 6000001
1 2 5992875 7126
2 1 6000001
2 2 5989509 7354 353 866 156 237 40 32 34 52 30 13 244 34 31 25 27 28 62 65 23 21 18 100 21 273 9 9 9 8 5 9 21 15 7 10 7 9 14 12 6 6 3 7 86 46 4 3 3 3 3 2 1 1 2 2 2 2 1 1 2 2 2 1 1 2 1 2 2 1 2 2 1 2 2
3 1 6000001
3 2 5992986 7015
4 1 6000001
4 2 5993038 6963
5 1 6000001
5 2 5993020 6981
time: 2700000000
1 1 7000001
1 2 6992875 7126
2 1 7000001
2 2 6989509 7354 353 866 156 237 40 32 34 52 30 13 244 34 31 25 27 28 62 65 23 21 18 100 21 273 9 9 9 8 5 9 21 15 7 10 7 9 14 12 6 6 3 7 86 46 4 3 3 3 3 2 1 1 2 2 2 2 1 1 2 2 2 1 1 2 1 2 2 1 2 2 1 2 2
3 1 7000001
3 2 6992986 7015
4 1 7000001
4 2 6993038 6963
5 1 7000001
5 2 6993020 6981
time: 2800000000
1 1 8000001
1 2 7992875 7126
2 1 8000001
2 2 7989509 7354 353 866 156 237 40 32 34 52 30 13 244 34 31 25 27 28 62 65 23 21 18 100 21 273 9 9 9 8 5 9 21 15 7 10 7 9 14 12 6 6 3 7 86 46 4 3 3 3 3 2 1 1 2 2 2 2 1 1 2 2 2 1 1 2 1 2 2 1 2 2 1 2 2
3 1 8000001
3 2 7992986 7015
4 1 8000001
4 2 7993038 6963
5 1 8000001
5 2 7993020 6981
time: 2900000000
1 1 9000001
1 2 8992875 7126
2 1 9000001
2 2 8989509 7354 353 866 156 237 40 32 34 52 30 13 244 34 31 25 27 28 62 65 23 21 18 100 21 273 9 9 9 8 5 9 21 15 7 10 7 9 14 12 6 6 3 7 86 46 4 3 3 3 3 2 1 1 2 2 2 2 1 1 2 2 2 1 1 2 1 2 2 1 2 2 1 2 2
3 1 9000001
3 2 8992986 7015
4 1 9000001
4 2 8993038 6963
5 1 9000001
5 2 8993020 6981
time: 3000000000
1 1 10000001
1 2 9992875 7126
2 1 10000001
2 2 9989509 7354 353 866 156 237 40 32 34 52 30 13 244 34 31 25 27 28 62 65 23 21 18 100 21 273 9 9 9 8 5 9 21 15 7 10 7 9 14 12 6 6 3 7 86 46 4 3 3 3 3 2 1 1 2 2 2 2 1 1 2 2 2 1 1 2 1 2 2 1 2 2 1 2 2
3 1 10000001
3 2 9992986 7015
4 1 10000001
4 2 9993038 6963
5 1 10000001
5 2 9993020 6981
