time: 2000000000
1 1 1
1 2 1
2 1 1
2 2 1
3 1 1
3 2 1
4 1 1
4 2 1
5 1 1
5 2 1
time: 2100000000
1 1 1000001
1 2 999954 47
2 1 1000001
2 2 999968 33
3 1 1000001
3 2 999961 40
4 1 1000001
4 2 999977 24
5 1 1000001
5 2 999976 25
time: 2200000000
1 1 2000001
1 2 1999954 47
2 1 2000001
2 2 1999968 33
3 1 2000001
3 2 1999961 40
4 1 2000001
4 2 1999977 24
5 1 2000001
5 2 1999976 25
time: 2300000000
1 1 3000001
1 2 2999954 47
2 1 3000001
2 2 2999968 33
3 1 3000001
3 2 2999961 40
4 1 3000001
4 2 2999977 24
5 1 3000001
5 2 2999976 25
time: 2400000000
1 1 4000001
1 2 3999954 47
2 1 4000001
2 2 3999968 33
3 1 4000001
3 2 3999961 40
4 1 4000001
4 2 3999977 24
5 1 4000001
5 2 3999976 25
time: 2500000000
1 1 5000001
1 2 4999954 47
2 1 5000001
2 2 4999968 33
3 1 5000001
3 2 4999961 40
4 1 5000001
4 2 4999977 24
5 1 5000001
5 2 4999976 25
time: 2600000000
1 1 6000001
1 2 5999954 47
2 1 6000001
2 2 5999968 33
3 1 6000001
3 2 5999961 40
4 1 6000001
4 2 5999977 24
5 1 6000001
5 2 5999976 25
time: 2700000000
1 1 7000001
1 2 6999954 47
2 1 7000001
2 2 6999968 33
3 1 7000001
3 2 6999961 40
4 1 7000001
4 2 6999977 24
5 1 7000001
5 2 6999976 25
time: 2800000000
1 1 8000001
1 2 7999954 47
2 1 8000001
2 2 7999968 33
3 1 8000001
3 2 7999961 40
4 1 8000001
4 2 7999977 24
5 1 8000001
5 2 7999976 25
time: 2900000000
1 1 9000001
1 2 8999954 47
2 1 9000001
2 2 8999968 33
3 1 9000001
3 2 8999961 40
4 1 9000001
4 2 8999977 24
5 1 9000001
5 2 8999976 25
time: 3000000000
1 1 10000001
1 2 9999954 47
2 1 10000001
2 2 9999968 33
3 1 10000001
3 2 9999961 40
4 1 10000001
4 2 9999977 24
5 1 10000001
5 2 9999976 25
