time: 2000000000
1 1 1
1 2 1
2 1 1
2 2 1
3 1 1
3 2 1
4 1 1
4 2 1
5 1 1
5 2 1
time: 2100000000
1 1 1000001
1 2 998715 1286
2 1 1000001
2 2 998469 1321 35 171 5
3 1 1000001
3 2 998714 1287
4 1 1000001
4 2 998720 1281
5 1 1000001
5 2 998720 1281
time: 2200000000
1 1 2000001
1 2 1997499 2502
2 1 2000001
2 2 1996989 2572 93 341 6
3 1 2000001
3 2 1997490 2511
4 1 2000001
4 2 1997516 2485
5 1 2000001
5 2 1997532 2469
time: 2300000000
1 1 3000001
1 2 2996315 3686
2 1 3000001
2 2 2995530 3807 135 519 10
3 1 3000001
3 2 2996332 3669
4 1 3000001
4 2 2996366 3635
5 1 3000001
5 2 2996362 3639
time: 2400000000
1 1 4000001
1 2 3995151 4850
2 1 4000001
2 2 3994145 5020 167 658 11
3 1 4000001
3 2 3995163 4838
4 1 4000001
4 2 3995217 4784
5 1 4000001
5 2 3995226 4775
time: 2500000000
1 1 5000001
1 2 4993898 6103
2 1 5000001
2 2 4992792 6265 181 751 12
3 1 5000001
3 2 4993937 6064
4 1 5000001
4 2 4993986 6015
5 1 5000001
5 2 4993987 6014
time: 2600000000
1 1 6000001
1 2 5992791 7210
2 1 6000001
2 2 5991503 7412 212 860 14
3 1 6000001
3 2 5992811 7190
4 1 6000001
4 2 5992856 7145
5 1 6000001
5 2 5992841 7160
time: 2700000000
1 1 7000001
1 2 6992791 7210
2 1 7000001
2 2 6991503 7412 212 860 14
3 1 7000001
3 2 6992811 7190
4 1 7000001
4 2 6992856 7145
5 1 7000001
5 2 6992841 7160
time: 2800000000
1 1 8000001
1 2 7992791 7210
2 1 8000001
2 2 7991503 7412 212 860 14
3 1 8000001
3 2 7992811 7190
4 1 8000001
4 2 7992856 7145
5 1 8000001
5 2 7992841 7160
time: 2900000000
1 1 9000001
1 2 8992791 7210
2 1 9000001
2 2 8991503 7412 212 860 14
3 1 9000001
3 2 8992811 7190
4 1 9000001
4 2 8992856 7145
5 1 9000001
5 2 8992841 7160
time: 3000000000
1 1 10000001
1 2 9992791 7210
2 1 10000001
2 2 9991503 7412 212 860 14
3 1 10000001
3 2 9992811 7190
4 1 10000001
4 2 9992856 7145
5 1 10000001
5 2 9992841 7160
