time: 2000000000
1 1 1
1 2 1
2 1 1
2 2 1
3 1 1
3 2 1
4 1 1
4 2 1
5 1 1
5 2 1
time: 2100000000
1 1 1000001
1 2 996404 3597
2 1 1000001
2 2 991598 3995 586 3628 60 21 101 3 3 6
3 1 1000001
3 2 996401 3600
4 1 1000001
4 2 996404 3597
5 1 1000001
5 2 996365 3636
time: 2200000000
1 1 2000001
1 2 1992837 7164
2 1 2000001
2 2 1983864 7893 1081 6865 109 31 143 6 3 6
3 1 2000001
3 2 1992841 7160
4 1 2000001
4 2 1992845 7156
5 1 2000001
5 2 1992807 7194
time: 2300000000
1 1 3000001
1 2 2992837 7164
2 1 3000001
2 2 2983864 7893 1081 6865 109 31 143 6 3 6
3 1 3000001
3 2 2992841 7160
4 1 3000001
4 2 2992845 7156
5 1 3000001
5 2 2992807 7194
time: 2400000000
1 1 4000001
1 2 3992837 7164
2 1 4000001
2 2 3983864 7893 1081 6865 109 31 143 6 3 6
3 1 4000001
3 2 3992841 7160
4 1 4000001
4 2 3992845 7156
5 1 4000001
5 2 3992807 7194
time: 2500000000
1 1 5000001
1 2 4992837 7164
2 1 5000001
2 2 4983864 7893 1081 6865 109 31 143 6 3 6
3 1 5000001
3 2 4992841 7160
4 1 5000001
4 2 4992845 7156
5 1 5000001
5 2 4992807 7194
time: 2600000000
1 1 6000001
1 2 5992837 7164
2 1 6000001
2 2 5983864 7893 1081 6865 109 31 143 6 3 6
3 1 6000001
3 2 5992841 7160
4 1 6000001
4 2 5992845 7156
5 1 6000001
5 2 5992807 7194
time: 2700000000
1 1 7000001
1 2 6992837 7164
2 1 7000001
2 2 6983864 7893 1081 6865 109 31 143 6 3 6
3 1 7000001
3 2 6992841 7160
4 1 7000001
4 2 6992845 7156
5 1 7000001
5 2 6992807 7194
time: 2800000000
1 1 8000001
1 2 7992837 7164
2 1 8000001
2 2 7983864 7893 1081 6865 109 31 143 6 3 6
3 1 8000001
3 2 7992841 7160
4 1 8000001
4 2 7992845 7156
5 1 8000001
5 2 7992807 7194
time: 2900000000
1 1 9000001
1 2 8992837 7164
2 1 9000001
2 2 8983864 7893 1081 6865 109 31 143 6 3 6
3 1 9000001
3 2 8992841 7160
4 1 9000001
4 2 8992845 7156
5 1 9000001
5 2 8992807 7194
time: 3000000000
1 1 10000001
1 2 9992837 7164
2 1 10000001
2 2 9983864 7893 1081 6865 109 31 143 6 3 6
3 1 10000001
3 2 9992841 7160
4 1 10000001
4 2 9992845 7156
5 1 10000001
5 2 9992807 7194
