time: 2000000000
1 1 1
1 2 1
2 1 1
2 2 1
3 1 1
3 2 1
4 1 1
4 2 1
5 1 1
5 2 1
time: 2100000000
1 1 1000001
1 2 992745 7256
2 1 1000001
2 2 727297 7512 2549 9537 1611 1532 1808 1867 1675 1661 1401 867 1851 1857 1596 1538 1558 1517 1459 1156 1595 1374 1101 1610 1793 1743 1236 1207 1724 1543 954 1576 1695 1742 1192 1507 1805 1419 1565 1466 1490 1569 1202 1831 1516 1279 1413 1369 1318 1264 1128 1833 1578 1094 1604 1527 1313 1464 1385 1220 1743 1236 1277 1265 1110 1566 1702 1330 1188 1100 1231 1410 1922 1089 1603 1617 1217 1618 1582 1758 1683 1374 1782 1350 913 1344 1457 1667 1196 1247 1162 1095 834 1477 1340 778 1094 1424 1649 1685 1327 1213 1260 1078 1322 1522 1277 1014 1049 963 951 1129 1441 1271 1167 895 997 1402 1350 1460 1052 945 1058 1054 1178 905 499 945 1307 1037 1170 1328 1308 1113 1069 1666 1203 1015 717 993 1034 809 728 973 771 717 515 691 676 764 1071 782 707 632 568 706 1112 701 636 853 554 925 887 525 514 523 888 633 494 929 786 525 524 572 766 675 795 345 564 775 575 677 490 465 594 497 1170 913 873 951 739 377 456 515 418 369 289 553 1088 461 333 441 472 384 619 932 559 329 545 477 318 271 268 329 512 526 372 329 504 287 275 449 254 230 381 381 302 312 595 233 147 206 237 218 398 264 183 167 176 377 228 174 368 445 199 155 149 154 221 131 118 173 128 148 96 108 117 93 84 95 155 52 115 126 86 143 193 94 141 91 81 94 123 409 484 470 298 173 163 168 104 72 57 46 35 69 52 72 38 26 29 29 22 30 44 37 87 117 279 89 34 132 100 45 90 294 188 23 29 136 129 32 19 18 75 111 24 17 33 40 21 17 9 12 19 21 39 88 23 121 211 22 41 69 17 17 65 41 26 14 26 14 12 14 29 16 18 28 16 12 12 11 14 13 10 14 34 24 23 22 12 11 16 8 8 7 8 9 6 74 19 8 9 5 8 8 9 8 40 8 9 17 7 99 99 7 5 8 5 6 61 138 13 10 41 10 8 8 8 6 23 29 4 5 5 5 6 4 32 20 4 28 16 5 6 2 4 5 6 4 7 90 182 9 4 4 4 3 11 2 36 5 5 3 5 5 7 162 45 10 6 5 4 5 4 5 5 5 5 4 6 5 5 3 5 6 3 14 8 7 16 11 4 6 5 4 3 4 2 3 4 4 2 4 3 2 4 4 2 83 5 2 3 1 4 18 10 3 3 3 23 4 4 4 3 1 4 4 2 6 2 3 9 13 8 12 1 2 4 4 3 4 4 2 3 8 2 1 1 2 1 2 2 1 2 2 1 2 2 1 1 2 31 49 3
3 1 1000001
3 2 990148 9781 71 1
4 1 1000001
4 2 993126 6875
5 1 1000001
5 2 993126 6875
time: 2200000000
1 1 2000001
1 2 1992745 7256
2 1 2000001
2 2 1727297 7512 2549 9537 1611 1532 1808 1867 1675 1661 1401 867 1851 1857 1596 1538 1558 1517 1459 1156 1595 1374 1101 1610 1793 1743 1236 1207 1724 1543 954 1576 1695 1742 1192 1507 1805 1419 1565 1466 1490 1569 1202 1831 1516 1279 1413 1369 1318 1264 1128 1833 1578 1094 1604 1527 1313 1464 1385 1220 1743 1236 1277 1265 1110 1566 1702 1330 1188 1100 1231 1410 1922 1089 1603 1617 1217 1618 1582 1758 1683 1374 1782 1350 913 1344 1457 1667 1196 1247 1162 1095 834 1477 1340 778 1094 1424 1649 1685 1327 1213 1260 1078 1322 1522 1277 1014 1049 963 951 1129 1441 1271 1167 895 997 1402 1350 1460 1052 945 1058 1054 1178 905 499 945 1307 1037 1170 1328 1308 1113 1069 1666 1203 1015 717 993 1034 809 728 973 771 717 515 691 676 764 1071 782 707 632 568 706 1112 701 636 853 554 925 887 525 514 523 888 633 494 929 786 525 524 572 766 675 795 345 564 775 575 677 490 465 594 497 1170 913 873 951 739 377 456 515 418 369 289 553 1088 461 333 441 472 384 619 932 559 329 545 477 318 271 268 329 512 526 372 329 504 287 275 449 254 230 381 381 302 312 595 233 147 206 237 218 398 264 183 167 176 377 228 174 368 445 199 155 149 154 221 131 118 173 128 148 96 108 117 93 84 95 155 52 115 126 86 143 193 94 141 91 81 94 123 409 484 470 298 173 163 168 104 72 57 46 35 69 52 72 38 26 29 29 22 30 44 37 87 117 279 89 34 132 100 45 90 294 188 23 29 136 129 32 19 18 75 111 24 17 33 40 21 17 9 12 19 21 39 88 23 121 211 22 41 69 17 17 65 41 26 14 26 14 12 14 29 16 18 28 16 12 12 11 14 13 10 14 34 24 23 22 12 11 16 8 8 7 8 9 6 74 19 8 9 5 8 8 9 8 40 8 9 17 7 99 99 7 5 8 5 6 61 138 13 10 41 10 8 8 8 6 23 29 4 5 5 5 6 4 32 20 4 28 16 5 6 2 4 5 6 4 7 90 182 9 4 4 4 3 11 2 36 5 5 3 5 5 7 162 45 10 6 5 4 5 4 5 5 5 5 4 6 5 5 3 5 6 3 14 8 7 16 11 4 6 5 4 3 4 2 3 4 4 2 4 3 2 4 4 2 83 5 2 3 1 4 18 10 3 3 3 23 4 4 4 3 1 4 4 2 6 2 3 9 13 8 12 1 2 4 4 3 4 4 2 3 8 2 1 1 2 1 2 2 1 2 2 1 2 2 1 1 2 31 49 3
3 1 2000001
3 2 1990148 9781 71 1
4 1 2000001
4 2 1993125 6876
5 1 2000001
5 2 1993125 6876
time: 2300000000
1 1 3000001
1 2 2992745 7256
2 1 3000001
2 2 2727297 7512 2549 9537 1611 1532 1808 1867 1675 1661 1401 867 1851 1857 1596 1538 1558 1517 1459 1156 1595 1374 1101 1610 1793 1743 1236 1207 1724 1543 954 1576 1695 1742 1192 1507 1805 1419 1565 1466 1490 1569 1202 1831 1516 1279 1413 1369 1318 1264 1128 1833 1578 1094 1604 1527 1313 1464 1385 1220 1743 1236 1277 1265 1110 1566 1702 1330 1188 1100 1231 1410 1922 1089 1603 1617 1217 1618 1582 1758 1683 1374 1782 1350 913 1344 1457 1667 1196 1247 1162 1095 834 1477 1340 778 1094 1424 1649 1685 1327 1213 1260 1078 1322 1522 1277 1014 1049 963 951 1129 1441 1271 1167 895 997 1402 1350 1460 1052 945 1058 1054 1178 905 499 945 1307 1037 1170 1328 1308 1113 1069 1666 1203 1015 717 993 1034 809 728 973 771 717 515 691 676 764 1071 782 707 632 568 706 1112 701 636 853 554 925 887 525 514 523 888 633 494 929 786 525 524 572 766 675 795 345 564 775 575 677 490 465 594 497 1170 913 873 951 739 377 456 515 418 369 289 553 1088 461 333 441 472 384 619 932 559 329 545 477 318 271 268 329 512 526 372 329 504 287 275 449 254 230 381 381 302 312 595 233 147 206 237 218 398 264 183 167 176 377 228 174 368 445 199 155 149 154 221 131 118 173 128 148 96 108 117 93 84 95 155 52 115 126 86 143 193 94 141 91 81 94 123 409 484 470 298 173 163 168 104 72 57 46 35 69 52 72 38 26 29 29 22 30 44 37 87 117 279 89 34 132 100 45 90 294 188 23 29 136 129 32 19 18 75 111 24 17 33 40 21 17 9 12 19 21 39 88 23 121 211 22 41 69 17 17 65 41 26 14 26 14 12 14 29 16 18 28 16 12 12 11 14 13 10 14 34 24 23 22 12 11 16 8 8 7 8 9 6 74 19 8 9 5 8 8 9 8 40 8 9 17 7 99 99 7 5 8 5 6 61 138 13 10 41 10 8 8 8 6 23 29 4 5 5 5 6 4 32 20 4 28 16 5 6 2 4 5 6 4 7 90 182 9 4 4 4 3 11 2 36 5 5 3 5 5 7 162 45 10 6 5 4 5 4 5 5 5 5 4 6 5 5 3 5 6 3 14 8 7 16 11 4 6 5 4 3 4 2 3 4 4 2 4 3 2 4 4 2 83 5 2 3 1 4 18 10 3 3 3 23 4 4 4 3 1 4 4 2 6 2 3 9 13 8 12 1 2 4 4 3 4 4 2 3 8 2 1 1 2 1 2 2 1 2 2 1 2 2 1 1 2 31 49 3
3 1 3000001
3 2 2990148 9781 71 1
4 1 3000001
4 2 2993125 6876
5 1 3000001
5 2 2993125 6876
time: 2400000000
1 1 4000001
1 2 3992745 7256
2 1 4000001
2 2 3727297 7512 2549 9537 1611 1532 1808 1867 1675 1661 1401 867 1851 1857 1596 1538 1558 1517 1459 1156 1595 1374 1101 1610 1793 1743 1236 1207 1724 1543 954 1576 1695 1742 1192 1507 1805 1419 1565 1466 1490 1569 1202 1831 1516 1279 1413 1369 1318 1264 1128 1833 1578 1094 1604 1527 1313 1464 1385 1220 1743 1236 1277 1265 1110 1566 1702 1330 1188 1100 1231 1410 1922 1089 1603 1617 1217 1618 1582 1758 1683 1374 1782 1350 913 1344 1457 1667 1196 1247 1162 1095 834 1477 1340 778 1094 1424 1649 1685 1327 1213 1260 1078 1322 1522 1277 1014 1049 963 951 1129 1441 1271 1167 895 997 1402 1350 1460 1052 945 1058 1054 1178 905 499 945 1307 1037 1170 1328 1308 1113 1069 1666 1203 1015 717 993 1034 809 728 973 771 717 515 691 676 764 1071 782 707 632 568 706 1112 701 636 853 554 925 887 525 514 523 888 633 494 929 786 525 524 572 766 675 795 345 564 775 575 677 490 465 594 497 1170 913 873 951 739 377 456 515 418 369 289 553 1088 461 333 441 472 384 619 932 559 329 545 477 318 271 268 329 512 526 372 329 504 287 275 449 254 230 381 381 302 312 595 233 147 206 237 218 398 264 183 167 176 377 228 174 368 445 199 155 149 154 221 131 118 173 128 148 96 108 117 93 84 95 155 52 115 126 86 143 193 94 141 91 81 94 123 409 484 470 298 173 163 168 104 72 57 46 35 69 52 72 38 26 29 29 22 30 44 37 87 117 279 89 34 132 100 45 90 294 188 23 29 136 129 32 19 18 75 111 24 17 33 40 21 17 9 12 19 21 39 88 23 121 211 22 41 69 17 17 65 41 26 14 26 14 12 14 29 16 18 28 16 12 12 11 14 13 10 14 34 24 23 22 12 11 16 8 8 7 8 9 6 74 19 8 9 5 8 8 9 8 40 8 9 17 7 99 99 7 5 8 5 6 61 138 13 10 41 10 8 8 8 6 23 29 4 5 5 5 6 4 32 20 4 28 16 5 6 2 4 5 6 4 7 90 182 9 4 4 4 3 11 2 36 5 5 3 5 5 7 162 45 10 6 5 4 5 4 5 5 5 5 4 6 5 5 3 5 6 3 14 8 7 16 11 4 6 5 4 3 4 2 3 4 4 2 4 3 2 4 4 2 83 5 2 3 1 4 18 10 3 3 3 23 4 4 4 3 1 4 4 2 6 2 3 9 13 8 12 1 2 4 4 3 4 4 2 3 8 2 1 1 2 1 2 2 1 2 2 1 2 2 1 1 2 31 49 3
3 1 4000001
3 2 3990148 9781 71 1
4 1 4000001
4 2 3993125 6876
5 1 4000001
5 2 3993125 6876
time: 2500000000
1 1 5000001
1 2 4992745 7256
2 1 5000001
2 2 4727297 7512 2549 9537 1611 1532 1808 1867 1675 1661 1401 867 1851 1857 1596 1538 1558 1517 1459 1156 1595 1374 1101 1610 1793 1743 1236 1207 1724 1543 954 1576 1695 1742 1192 1507 1805 1419 1565 1466 1490 1569 1202 1831 1516 1279 1413 1369 1318 1264 1128 1833 1578 1094 1604 1527 1313 1464 1385 1220 1743 1236 1277 1265 1110 1566 1702 1330 1188 1100 1231 1410 1922 1089 1603 1617 1217 1618 1582 1758 1683 1374 1782 1350 913 1344 1457 1667 1196 1247 1162 1095 834 1477 1340 778 1094 1424 1649 1685 1327 1213 1260 1078 1322 1522 1277 1014 1049 963 951 1129 1441 1271 1167 895 997 1402 1350 1460 1052 945 1058 1054 1178 905 499 945 1307 1037 1170 1328 1308 1113 1069 1666 1203 1015 717 993 1034 809 728 973 771 717 515 691 676 764 1071 782 707 632 568 706 1112 701 636 853 554 925 887 525 514 523 888 633 494 929 786 525 524 572 766 675 795 345 564 775 575 677 490 465 594 497 1170 913 873 951 739 377 456 515 418 369 289 553 1088 461 333 441 472 384 619 932 559 329 545 477 318 271 268 329 512 526 372 329 504 287 275 449 254 230 381 381 302 312 595 233 147 206 237 218 398 264 183 167 176 377 228 174 368 445 199 155 149 154 221 131 118 173 128 148 96 108 117 93 84 95 155 52 115 126 86 143 193 94 141 91 81 94 123 409 484 470 298 173 163 168 104 72 57 46 35 69 52 72 38 26 29 29 22 30 44 37 87 117 279 89 34 132 100 45 90 294 188 23 29 136 129 32 19 18 75 111 24 17 33 40 21 17 9 12 19 21 39 88 23 121 211 22 41 69 17 17 65 41 26 14 26 14 12 14 29 16 18 28 16 12 12 11 14 13 10 14 34 24 23 22 12 11 16 8 8 7 8 9 6 74 19 8 9 5 8 8 9 8 40 8 9 17 7 99 99 7 5 8 5 6 61 138 13 10 41 10 8 8 8 6 23 29 4 5 5 5 6 4 32 20 4 28 16 5 6 2 4 5 6 4 7 90 182 9 4 4 4 3 11 2 36 5 5 3 5 5 7 162 45 10 6 5 4 5 4 5 5 5 5 4 6 5 5 3 5 6 3 14 8 7 16 11 4 6 5 4 3 4 2 3 4 4 2 4 3 2 4 4 2 83 5 2 3 1 4 18 10 3 3 3 23 4 4 4 3 1 4 4 2 6 2 3 9 13 8 12 1 2 4 4 3 4 4 2 3 8 2 1 1 2 1 2 2 1 2 2 1 2 2 1 1 2 31 49 3
3 1 5000001
3 2 4990148 9781 71 1
4 1 5000001
4 2 4993125 6876
5 1 5000001
5 2 4993125 6876
time: 2600000000
1 1 6000001
1 2 5992745 7256
2 1 6000001
2 2 5727297 7512 2549 9537 1611 1532 1808 1867 1675 1661 1401 867 1851 1857 1596 1538 1558 1517 1459 1156 1595 1374 1101 1610 1793 1743 1236 1207 1724 1543 954 1576 1695 1742 1192 1507 1805 1419 1565 1466 1490 1569 1202 1831 1516 1279 1413 1369 1318 1264 1128 1833 1578 1094 1604 1527 1313 1464 1385 1220 1743 1236 1277 1265 1110 1566 1702 1330 1188 1100 1231 1410 1922 1089 1603 1617 1217 1618 1582 1758 1683 1374 1782 1350 913 1344 1457 1667 1196 1247 1162 1095 834 1477 1340 778 1094 1424 1649 1685 1327 1213 1260 1078 1322 1522 1277 1014 1049 963 951 1129 1441 1271 1167 895 997 1402 1350 1460 1052 945 1058 1054 1178 905 499 945 1307 1037 1170 1328 1308 1113 1069 1666 1203 1015 717 993 1034 809 728 973 771 717 515 691 676 764 1071 782 707 632 568 706 1112 701 636 853 554 925 887 525 514 523 888 633 494 929 786 525 524 572 766 675 795 345 564 775 575 677 490 465 594 497 1170 913 873 951 739 377 456 515 418 369 289 553 1088 461 333 441 472 384 619 932 559 329 545 477 318 271 268 329 512 526 372 329 504 287 275 449 254 230 381 381 302 312 595 233 147 206 237 218 398 264 183 167 176 377 228 174 368 445 199 155 149 154 221 131 118 173 128 148 96 108 117 93 84 95 155 52 115 126 86 143 193 94 141 91 81 94 123 409 484 470 298 173 163 168 104 72 57 46 35 69 52 72 38 26 29 29 22 30 44 37 87 117 279 89 34 132 100 45 90 294 188 23 29 136 129 32 19 18 75 111 24 17 33 40 21 17 9 12 19 21 39 88 23 121 211 22 41 69 17 17 65 41 26 14 26 14 12 14 29 16 18 28 16 12 12 11 14 13 10 14 34 24 23 22 12 11 16 8 8 7 8 9 6 74 19 8 9 5 8 8 9 8 40 8 9 17 7 99 99 7 5 8 5 6 61 138 13 10 41 10 8 8 8 6 23 29 4 5 5 5 6 4 32 20 4 28 16 5 6 2 4 5 6 4 7 90 182 9 4 4 4 3 11 2 36 5 5 3 5 5 7 162 45 10 6 5 4 5 4 5 5 5 5 4 6 5 5 3 5 6 3 14 8 7 16 11 4 6 5 4 3 4 2 3 4 4 2 4 3 2 4 4 2 83 5 2 3 1 4 18 10 3 3 3 23 4 4 4 3 1 4 4 2 6 2 3 9 13 8 12 1 2 4 4 3 4 4 2 3 8 2 1 1 2 1 2 2 1 2 2 1 2 2 1 1 2 31 49 3
3 1 6000001
3 2 5990148 9781 71 1
4 1 6000001
4 2 5993125 6876
5 1 6000001
5 2 5993125 6876
time: 2700000000
1 1 7000001
1 2 6992745 7256
2 1 7000001
2 2 6727297 7512 2549 9537 1611 1532 1808 1867 1675 1661 1401 867 1851 1857 1596 1538 1558 1517 1459 1156 1595 1374 1101 1610 1793 1743 1236 1207 1724 1543 954 1576 1695 1742 1192 1507 1805 1419 1565 1466 1490 1569 1202 1831 1516 1279 1413 1369 1318 1264 1128 1833 1578 1094 1604 1527 1313 1464 1385 1220 1743 1236 1277 1265 1110 1566 1702 1330 1188 1100 1231 1410 1922 1089 1603 1617 1217 1618 1582 1758 1683 1374 1782 1350 913 1344 1457 1667 1196 1247 1162 1095 834 1477 1340 778 1094 1424 1649 1685 1327 1213 1260 1078 1322 1522 1277 1014 1049 963 951 1129 1441 1271 1167 895 997 1402 1350 1460 1052 945 1058 1054 1178 905 499 945 1307 1037 1170 1328 1308 1113 1069 1666 1203 1015 717 993 1034 809 728 973 771 717 515 691 676 764 1071 782 707 632 568 706 1112 701 636 853 554 925 887 525 514 523 888 633 494 929 786 525 524 572 766 675 795 345 564 775 575 677 490 465 594 497 1170 913 873 951 739 377 456 515 418 369 289 553 1088 461 333 441 472 384 619 932 559 329 545 477 318 271 268 329 512 526 372 329 504 287 275 449 254 230 381 381 302 312 595 233 147 206 237 218 398 264 183 167 176 377 228 174 368 445 199 155 149 154 221 131 118 173 128 148 96 108 117 93 84 95 155 52 115 126 86 143 193 94 141 91 81 94 123 409 484 470 298 173 163 168 104 72 57 46 35 69 52 72 38 26 29 29 22 30 44 37 87 117 279 89 34 132 100 45 90 294 188 23 29 136 129 32 19 18 75 111 24 17 33 40 21 17 9 12 19 21 39 88 23 121 211 22 41 69 17 17 65 41 26 14 26 14 12 14 29 16 18 28 16 12 12 11 14 13 10 14 34 24 23 22 12 11 16 8 8 7 8 9 6 74 19 8 9 5 8 8 9 8 40 8 9 17 7 99 99 7 5 8 5 6 61 138 13 10 41 10 8 8 8 6 23 29 4 5 5 5 6 4 32 20 4 28 16 5 6 2 4 5 6 4 7 90 182 9 4 4 4 3 11 2 36 5 5 3 5 5 7 162 45 10 6 5 4 5 4 5 5 5 5 4 6 5 5 3 5 6 3 14 8 7 16 11 4 6 5 4 3 4 2 3 4 4 2 4 3 2 4 4 2 83 5 2 3 1 4 18 10 3 3 3 23 4 4 4 3 1 4 4 2 6 2 3 9 13 8 12 1 2 4 4 3 4 4 2 3 8 2 1 1 2 1 2 2 1 2 2 1 2 2 1 1 2 31 49 3
3 1 7000001
3 2 6990148 9781 71 1
4 1 7000001
4 2 6993125 6876
5 1 7000001
5 2 6993125 6876
time: 2800000000
1 1 8000001
1 2 7992745 7256
2 1 8000001
2 2 7727297 7512 2549 9537 1611 1532 1808 1867 1675 1661 1401 867 1851 1857 1596 1538 1558 1517 1459 1156 1595 1374 1101 1610 1793 1743 1236 1207 1724 1543 954 1576 1695 1742 1192 1507 1805 1419 1565 1466 1490 1569 1202 1831 1516 1279 1413 1369 1318 1264 1128 1833 1578 1094 1604 1527 1313 1464 1385 1220 1743 1236 1277 1265 1110 1566 1702 1330 1188 1100 1231 1410 1922 1089 1603 1617 1217 1618 1582 1758 1683 1374 1782 1350 913 1344 1457 1667 1196 1247 1162 1095 834 1477 1340 778 1094 1424 1649 1685 1327 1213 1260 1078 1322 1522 1277 1014 1049 963 951 1129 1441 1271 1167 895 997 1402 1350 1460 1052 945 1058 1054 1178 905 499 945 1307 1037 1170 1328 1308 1113 1069 1666 1203 1015 717 993 1034 809 728 973 771 717 515 691 676 764 1071 782 707 632 568 706 1112 701 636 853 554 925 887 525 514 523 888 633 494 929 786 525 524 572 766 675 795 345 564 775 575 677 490 465 594 497 1170 913 873 951 739 377 456 515 418 369 289 553 1088 461 333 441 472 384 619 932 559 329 545 477 318 271 268 329 512 526 372 329 504 287 275 449 254 230 381 381 302 312 595 233 147 206 237 218 398 264 183 167 176 377 228 174 368 445 199 155 149 154 221 131 118 173 128 148 96 108 117 93 84 95 155 52 115 126 86 143 193 94 141 91 81 94 123 409 484 470 298 173 163 168 104 72 57 46 35 69 52 72 38 26 29 29 22 30 44 37 87 117 279 89 34 132 100 45 90 294 188 23 29 136 129 32 19 18 75 111 24 17 33 40 21 17 9 12 19 21 39 88 23 121 211 22 41 69 17 17 65 41 26 14 26 14 12 14 29 16 18 28 16 12 12 11 14 13 10 14 34 24 23 22 12 11 16 8 8 7 8 9 6 74 19 8 9 5 8 8 9 8 40 8 9 17 7 99 99 7 5 8 5 6 61 138 13 10 41 10 8 8 8 6 23 29 4 5 5 5 6 4 32 20 4 28 16 5 6 2 4 5 6 4 7 90 182 9 4 4 4 3 11 2 36 5 5 3 5 5 7 162 45 10 6 5 4 5 4 5 5 5 5 4 6 5 5 3 5 6 3 14 8 7 16 11 4 6 5 4 3 4 2 3 4 4 2 4 3 2 4 4 2 83 5 2 3 1 4 18 10 3 3 3 23 4 4 4 3 1 4 4 2 6 2 3 9 13 8 12 1 2 4 4 3 4 4 2 3 8 2 1 1 2 1 2 2 1 2 2 1 2 2 1 1 2 31 49 3
3 1 8000001
3 2 7990148 9781 71 1
4 1 8000001
4 2 7993125 6876
5 1 8000001
5 2 7993125 6876
time: 2900000000
1 1 9000001
1 2 8992745 7256
2 1 9000001
2 2 8727297 7512 2549 9537 1611 1532 1808 1867 1675 1661 1401 867 1851 1857 1596 1538 1558 1517 1459 1156 1595 1374 1101 1610 1793 1743 1236 1207 1724 1543 954 1576 1695 1742 1192 1507 1805 1419 1565 1466 1490 1569 1202 1831 1516 1279 1413 1369 1318 1264 1128 1833 1578 1094 1604 1527 1313 1464 1385 1220 1743 1236 1277 1265 1110 1566 1702 1330 1188 1100 1231 1410 1922 1089 1603 1617 1217 1618 1582 1758 1683 1374 1782 1350 913 1344 1457 1667 1196 1247 1162 1095 834 1477 1340 778 1094 1424 1649 1685 1327 1213 1260 1078 1322 1522 1277 1014 1049 963 951 1129 1441 1271 1167 895 997 1402 1350 1460 1052 945 1058 1054 1178 905 499 945 1307 1037 1170 1328 1308 1113 1069 1666 1203 1015 717 993 1034 809 728 973 771 717 515 691 676 764 1071 782 707 632 568 706 1112 701 636 853 554 925 887 525 514 523 888 633 494 929 786 525 524 572 766 675 795 345 564 775 575 677 490 465 594 497 1170 913 873 951 739 377 456 515 418 369 289 553 1088 461 333 441 472 384 619 932 559 329 545 477 318 271 268 329 512 526 372 329 504 287 275 449 254 230 381 381 302 312 595 233 147 206 237 218 398 264 183 167 176 377 228 174 368 445 199 155 149 154 221 131 118 173 128 148 96 108 117 93 84 95 155 52 115 126 86 143 193 94 141 91 81 94 123 409 484 470 298 173 163 168 104 72 57 46 35 69 52 72 38 26 29 29 22 30 44 37 87 117 279 89 34 132 100 45 90 294 188 23 29 136 129 32 19 18 75 111 24 17 33 40 21 17 9 12 19 21 39 88 23 121 211 22 41 69 17 17 65 41 26 14 26 14 12 14 29 16 18 28 16 12 12 11 14 13 10 14 34 24 23 22 12 11 16 8 8 7 8 9 6 74 19 8 9 5 8 8 9 8 40 8 9 17 7 99 99 7 5 8 5 6 61 138 13 10 41 10 8 8 8 6 23 29 4 5 5 5 6 4 32 20 4 28 16 5 6 2 4 5 6 4 7 90 182 9 4 4 4 3 11 2 36 5 5 3 5 5 7 162 45 10 6 5 4 5 4 5 5 5 5 4 6 5 5 3 5 6 3 14 8 7 16 11 4 6 5 4 3 4 2 3 4 4 2 4 3 2 4 4 2 83 5 2 3 1 4 18 10 3 3 3 23 4 4 4 3 1 4 4 2 6 2 3 9 13 8 12 1 2 4 4 3 4 4 2 3 8 2 1 1 2 1 2 2 1 2 2 1 2 2 1 1 2 31 49 3
3 1 9000001
3 2 8990148 9781 71 1
4 1 9000001
4 2 8993125 6876
5 1 9000001
5 2 8993125 6876
time: 3000000000
1 1 10000001
1 2 9992745 7256
2 1 10000001
2 2 9727297 7512 2549 9537 1611 1532 1808 1867 1675 1661 1401 867 1851 1857 1596 1538 1558 1517 1459 1156 1595 1374 1101 1610 1793 1743 1236 1207 1724 1543 954 1576 1695 1742 1192 1507 1805 1419 1565 1466 1490 1569 1202 1831 1516 1279 1413 1369 1318 1264 1128 1833 1578 1094 1604 1527 1313 1464 1385 1220 1743 1236 1277 1265 1110 1566 1702 1330 1188 1100 1231 1410 1922 1089 1603 1617 1217 1618 1582 1758 1683 1374 1782 1350 913 1344 1457 1667 1196 1247 1162 1095 834 1477 1340 778 1094 1424 1649 1685 1327 1213 1260 1078 1322 1522 1277 1014 1049 963 951 1129 1441 1271 1167 895 997 1402 1350 1460 1052 945 1058 1054 1178 905 499 945 1307 1037 1170 1328 1308 1113 1069 1666 1203 1015 717 993 1034 809 728 973 771 717 515 691 676 764 1071 782 707 632 568 706 1112 701 636 853 554 925 887 525 514 523 888 633 494 929 786 525 524 572 766 675 795 345 564 775 575 677 490 465 594 497 1170 913 873 951 739 377 456 515 418 369 289 553 1088 461 333 441 472 384 619 932 559 329 545 477 318 271 268 329 512 526 372 329 504 287 275 449 254 230 381 381 302 312 595 233 147 206 237 218 398 264 183 167 176 377 228 174 368 445 199 155 149 154 221 131 118 173 128 148 96 108 117 93 84 95 155 52 115 126 86 143 193 94 141 91 81 94 123 409 484 470 298 173 163 168 104 72 57 46 35 69 52 72 38 26 29 29 22 30 44 37 87 117 279 89 34 132 100 45 90 294 188 23 29 136 129 32 19 18 75 111 24 17 33 40 21 17 9 12 19 21 39 88 23 121 211 22 41 69 17 17 65 41 26 14 26 14 12 14 29 16 18 28 16 12 12 11 14 13 10 14 34 24 23 22 12 11 16 8 8 7 8 9 6 74 19 8 9 5 8 8 9 8 40 8 9 17 7 99 99 7 5 8 5 6 61 138 13 10 41 10 8 8 8 6 23 29 4 5 5 5 6 4 32 20 4 28 16 5 6 2 4 5 6 4 7 90 182 9 4 4 4 3 11 2 36 5 5 3 5 5 7 162 45 10 6 5 4 5 4 5 5 5 5 4 6 5 5 3 5 6 3 14 8 7 16 11 4 6 5 4 3 4 2 3 4 4 2 4 3 2 4 4 2 83 5 2 3 1 4 18 10 3 3 3 23 4 4 4 3 1 4 4 2 6 2 3 9 13 8 12 1 2 4 4 3 4 4 2 3 8 2 1 1 2 1 2 2 1 2 2 1 2 2 1 1 2 31 49 3
3 1 10000001
3 2 9990148 9781 71 1
4 1 10000001
4 2 9993125 6876
5 1 10000001
5 2 9993125 6876
