time: 2000000000
1 1 1
1 2 1
2 1 1
2 2 1
3 1 1
3 2 1
4 1 1
4 2 1
5 1 1
5 2 1
time: 2100000000
1 1 1000001
1 2 992647 7354
2 1 1000001
2 2 533771 4755 4435 67693 4466 3514 42846 4000 4042 42002 7097 2108 18669 5711 2913 21440 6740 1764 14919 4859 1805 4705 11428 4289 3488 17294 5795 3062 14187 4762 1485 8443 3921 1343 3818 3136 1623 5685 4176 1589 2074 3217 2204 2524 5864 2541 1806 4860 2531 1836 1568 1977 1509 1245 1331 1518 2103 1534 378 343 710 1170 857 1566 2750 1656 1761 2775 1557 887 653 1287 2222 1405 1891 528 1117 1584 354 279 833 290 731 208 362 1694 738 343 942 1175 778 413 253 312 154 439 715 501 210 436 367 1059 2002 519 330 39 619 1846 406 310 879 178 5 25 2 49 438 63 13 107 29 5 152 107 1 301 198 3 1214 1948 45 16 36 2 137 1092 182
3 1 1000001
3 2 992598 7403
4 1 1000001
4 2 992634 7367
5 1 1000001
5 2 992631 7370
time: 2200000000
1 1 2000001
1 2 1992647 7354
2 1 2000001
2 2 1533771 4755 4435 67693 4466 3514 42846 4000 4042 42002 7097 2108 18669 5711 2913 21440 6740 1764 14919 4859 1805 4705 11428 4289 3488 17294 5795 3062 14187 4762 1485 8443 3921 1343 3818 3136 1623 5685 4176 1589 2074 3217 2204 2524 5864 2541 1806 4860 2531 1836 1568 1977 1509 1245 1331 1518 2103 1534 378 343 710 1170 857 1566 2750 1656 1761 2775 1557 887 653 1287 2222 1405 1891 528 1117 1584 354 279 833 290 731 208 362 1694 738 343 942 1175 778 413 253 312 154 439 715 501 210 436 367 1059 2002 519 330 39 619 1846 406 310 879 178 5 25 2 49 438 63 13 107 29 5 152 107 1 301 198 3 1214 1948 45 16 36 2 137 1092 182
3 1 2000001
3 2 1992598 7403
4 1 2000001
4 2 1992634 7367
5 1 2000001
5 2 1992631 7370
time: 2300000000
1 1 3000001
1 2 2992647 7354
2 1 3000001
2 2 2533771 4755 4435 67693 4466 3514 42846 4000 4042 42002 7097 2108 18669 5711 2913 21440 6740 1764 14919 4859 1805 4705 11428 4289 3488 17294 5795 3062 14187 4762 1485 8443 3921 1343 3818 3136 1623 5685 4176 1589 2074 3217 2204 2524 5864 2541 1806 4860 2531 1836 1568 1977 1509 1245 1331 1518 2103 1534 378 343 710 1170 857 1566 2750 1656 1761 2775 1557 887 653 1287 2222 1405 1891 528 1117 1584 354 279 833 290 731 208 362 1694 738 343 942 1175 778 413 253 312 154 439 715 501 210 436 367 1059 2002 519 330 39 619 1846 406 310 879 178 5 25 2 49 438 63 13 107 29 5 152 107 1 301 198 3 1214 1948 45 16 36 2 137 1092 182
3 1 3000001
3 2 2992598 7403
4 1 3000001
4 2 2992634 7367
5 1 3000001
5 2 2992631 7370
time: 2400000000
1 1 4000001
1 2 3992647 7354
2 1 4000001
2 2 3533771 4755 4435 67693 4466 3514 42846 4000 4042 42002 7097 2108 18669 5711 2913 21440 6740 1764 14919 4859 1805 4705 11428 4289 3488 17294 5795 3062 14187 4762 1485 8443 3921 1343 3818 3136 1623 5685 4176 1589 2074 3217 2204 2524 5864 2541 1806 4860 2531 1836 1568 1977 1509 1245 1331 1518 2103 1534 378 343 710 1170 857 1566 2750 1656 1761 2775 1557 887 653 1287 2222 1405 1891 528 1117 1584 354 279 833 290 731 208 362 1694 738 343 942 1175 778 413 253 312 154 439 715 501 210 436 367 1059 2002 519 330 39 619 1846 406 310 879 178 5 25 2 49 438 63 13 107 29 5 152 107 1 301 198 3 1214 1948 45 16 36 2 137 1092 182
3 1 4000001
3 2 3992598 7403
4 1 4000001
4 2 3992634 7367
5 1 4000001
5 2 3992631 7370
time: 2500000000
1 1 5000001
1 2 4992647 7354
2 1 5000001
2 2 4533771 4755 4435 67693 4466 3514 42846 4000 4042 42002 7097 2108 18669 5711 2913 21440 6740 1764 14919 4859 1805 4705 11428 4289 3488 17294 5795 3062 14187 4762 1485 8443 3921 1343 3818 3136 1623 5685 4176 1589 2074 3217 2204 2524 5864 2541 1806 4860 2531 1836 1568 1977 1509 1245 1331 1518 2103 1534 378 343 710 1170 857 1566 2750 1656 1761 2775 1557 887 653 1287 2222 1405 1891 528 1117 1584 354 279 833 290 731 208 362 1694 738 343 942 1175 778 413 253 312 154 439 715 501 210 436 367 1059 2002 519 330 39 619 1846 406 310 879 178 5 25 2 49 438 63 13 107 29 5 152 107 1 301 198 3 1214 1948 45 16 36 2 137 1092 182
3 1 5000001
3 2 4992598 7403
4 1 5000001
4 2 4992634 7367
5 1 5000001
5 2 4992631 7370
time: 2600000000
1 1 6000001
1 2 5992647 7354
2 1 6000001
2 2 5533771 4755 4435 67693 4466 3514 42846 4000 4042 42002 7097 2108 18669 5711 2913 21440 6740 1764 14919 4859 1805 4705 11428 4289 3488 17294 5795 3062 14187 4762 1485 8443 3921 1343 3818 3136 1623 5685 4176 1589 2074 3217 2204 2524 5864 2541 1806 4860 2531 1836 1568 1977 1509 1245 1331 1518 2103 1534 378 343 710 1170 857 1566 2750 1656 1761 2775 1557 887 653 1287 2222 1405 1891 528 1117 1584 354 279 833 290 731 208 362 1694 738 343 942 1175 778 413 253 312 154 439 715 501 210 436 367 1059 2002 519 330 39 619 1846 406 310 879 178 5 25 2 49 438 63 13 107 29 5 152 107 1 301 198 3 1214 1948 45 16 36 2 137 1092 182
3 1 6000001
3 2 5992598 7403
4 1 6000001
4 2 5992634 7367
5 1 6000001
5 2 5992631 7370
time: 2700000000
1 1 7000001
1 2 6992647 7354
2 1 7000001
2 2 6533771 4755 4435 67693 4466 3514 42846 4000 4042 42002 7097 2108 18669 5711 2913 21440 6740 1764 14919 4859 1805 4705 11428 4289 3488 17294 5795 3062 14187 4762 1485 8443 3921 1343 3818 3136 1623 5685 4176 1589 2074 3217 2204 2524 5864 2541 1806 4860 2531 1836 1568 1977 1509 1245 1331 1518 2103 1534 378 343 710 1170 857 1566 2750 1656 1761 2775 1557 887 653 1287 2222 1405 1891 528 1117 1584 354 279 833 290 731 208 362 1694 738 343 942 1175 778 413 253 312 154 439 715 501 210 436 367 1059 2002 519 330 39 619 1846 406 310 879 178 5 25 2 49 438 63 13 107 29 5 152 107 1 301 198 3 1214 1948 45 16 36 2 137 1092 182
3 1 7000001
3 2 6992598 7403
4 1 7000001
4 2 6992634 7367
5 1 7000001
5 2 6992631 7370
time: 2800000000
1 1 8000001
1 2 7992647 7354
2 1 8000001
2 2 7533771 4755 4435 67693 4466 3514 42846 4000 4042 42002 7097 2108 18669 5711 2913 21440 6740 1764 14919 4859 1805 4705 11428 4289 3488 17294 5795 3062 14187 4762 1485 8443 3921 1343 3818 3136 1623 5685 4176 1589 2074 3217 2204 2524 5864 2541 1806 4860 2531 1836 1568 1977 1509 1245 1331 1518 2103 1534 378 343 710 1170 857 1566 2750 1656 1761 2775 1557 887 653 1287 2222 1405 1891 528 1117 1584 354 279 833 290 731 208 362 1694 738 343 942 1175 778 413 253 312 154 439 715 501 210 436 367 1059 2002 519 330 39 619 1846 406 310 879 178 5 25 2 49 438 63 13 107 29 5 152 107 1 301 198 3 1214 1948 45 16 36 2 137 1092 182
3 1 8000001
3 2 7992598 7403
4 1 8000001
4 2 7992634 7367
5 1 8000001
5 2 7992631 7370
time: 2900000000
1 1 9000001
1 2 8992647 7354
2 1 9000001
2 2 8533771 4755 4435 67693 4466 3514 42846 4000 4042 42002 7097 2108 18669 5711 2913 21440 6740 1764 14919 4859 1805 4705 11428 4289 3488 17294 5795 3062 14187 4762 1485 8443 3921 1343 3818 3136 1623 5685 4176 1589 2074 3217 2204 2524 5864 2541 1806 4860 2531 1836 1568 1977 1509 1245 1331 1518 2103 1534 378 343 710 1170 857 1566 2750 1656 1761 2775 1557 887 653 1287 2222 1405 1891 528 1117 1584 354 279 833 290 731 208 362 1694 738 343 942 1175 778 413 253 312 154 439 715 501 210 436 367 1059 2002 519 330 39 619 1846 406 310 879 178 5 25 2 49 438 63 13 107 29 5 152 107 1 301 198 3 1214 1948 45 16 36 2 137 1092 182
3 1 9000001
3 2 8992598 7403
4 1 9000001
4 2 8992634 7367
5 1 9000001
5 2 8992631 7370
time: 3000000000
1 1 10000001
1 2 9992647 7354
2 1 10000001
2 2 9533771 4755 4435 67693 4466 3514 42846 4000 4042 42002 7097 2108 18669 5711 2913 21440 6740 1764 14919 4859 1805 4705 11428 4289 3488 17294 5795 3062 14187 4762 1485 8443 3921 1343 3818 3136 1623 5685 4176 1589 2074 3217 2204 2524 5864 2541 1806 4860 2531 1836 1568 1977 1509 1245 1331 1518 2103 1534 378 343 710 1170 857 1566 2750 1656 1761 2775 1557 887 653 1287 2222 1405 1891 528 1117 1584 354 279 833 290 731 208 362 1694 738 343 942 1175 778 413 253 312 154 439 715 501 210 436 367 1059 2002 519 330 39 619 1846 406 310 879 178 5 25 2 49 438 63 13 107 29 5 152 107 1 301 198 3 1214 1948 45 16 36 2 137 1092 182
3 1 10000001
3 2 9992598 7403
4 1 10000001
4 2 9992634 7367
5 1 10000001
5 2 9992631 7370
