time: 2000000000
1 1 1
1 2 1
2 1 1
2 2 1
3 1 1
3 2 1
4 1 1
4 2 1
5 1 1
5 2 1
time: 2100000000
1 1 1000001
1 2 999750 251
2 1 1000001
2 2 981079 539 1274 845 925 515 121 136 223 362 1055 163 581 257 410 421 10 40 36 115 941 283 297 489 168 103 427 321 533 559 236 962 1982 1419 610 168 477 414 3 72 368 13 6 40 3
3 1 1000001
3 2 999753 248
4 1 1000001
4 2 999766 235
5 1 1000001
5 2 999808 193
time: 2200000000
1 1 2000001
1 2 1999750 251
2 1 2000001
2 2 1981079 539 1274 845 925 515 121 136 223 362 1055 163 581 257 410 421 10 40 36 115 941 283 297 489 168 103 427 321 533 559 236 962 1982 1419 610 168 477 414 3 72 368 13 6 40 3
3 1 2000001
3 2 1999753 248
4 1 2000001
4 2 1999766 235
5 1 2000001
5 2 1999808 193
time: 2300000000
1 1 3000001
1 2 2999750 251
2 1 3000001
2 2 2981079 539 1274 845 925 515 121 136 223 362 1055 163 581 257 410 421 10 40 36 115 941 283 297 489 168 103 427 321 533 559 236 962 1982 1419 610 168 477 414 3 72 368 13 6 40 3
3 1 3000001
3 2 2999753 248
4 1 3000001
4 2 2999766 235
5 1 3000001
5 2 2999808 193
time: 2400000000
1 1 4000001
1 2 3999750 251
2 1 4000001
2 2 3981079 539 1274 845 925 515 121 136 223 362 1055 163 581 257 410 421 10 40 36 115 941 283 297 489 168 103 427 321 533 559 236 962 1982 1419 610 168 477 414 3 72 368 13 6 40 3
3 1 4000001
3 2 3999753 248
4 1 4000001
4 2 3999766 235
5 1 4000001
5 2 3999808 193
time: 2500000000
1 1 5000001
1 2 4999750 251
2 1 5000001
2 2 4981079 539 1274 845 925 515 121 136 223 362 1055 163 581 257 410 421 10 40 36 115 941 283 297 489 168 103 427 321 533 559 236 962 1982 1419 610 168 477 414 3 72 368 13 6 40 3
3 1 5000001
3 2 4999753 248
4 1 5000001
4 2 4999766 235
5 1 5000001
5 2 4999808 193
time: 2600000000
1 1 6000001
1 2 5999750 251
2 1 6000001
2 2 5981079 539 1274 845 925 515 121 136 223 362 1055 163 581 257 410 421 10 40 36 115 941 283 297 489 168 103 427 321 533 559 236 962 1982 1419 610 168 477 414 3 72 368 13 6 40 3
3 1 6000001
3 2 5999753 248
4 1 6000001
4 2 5999766 235
5 1 6000001
5 2 5999808 193
time: 2700000000
1 1 7000001
1 2 6999750 251
2 1 7000001
2 2 6981079 539 1274 845 925 515 121 136 223 362 1055 163 581 257 410 421 10 40 36 115 941 283 297 489 168 103 427 321 533 559 236 962 1982 1419 610 168 477 414 3 72 368 13 6 40 3
3 1 7000001
3 2 6999753 248
4 1 7000001
4 2 6999766 235
5 1 7000001
5 2 6999808 193
time: 2800000000
1 1 8000001
1 2 7999750 251
2 1 8000001
2 2 7981079 539 1274 845 925 515 121 136 223 362 1055 163 581 257 410 421 10 40 36 115 941 283 297 489 168 103 427 321 533 559 236 962 1982 1419 610 168 477 414 3 72 368 13 6 40 3
3 1 8000001
3 2 7999753 248
4 1 8000001
4 2 7999766 235
5 1 8000001
5 2 7999808 193
time: 2900000000
1 1 9000001
1 2 8999750 251
2 1 9000001
2 2 8981079 539 1274 845 925 515 121 136 223 362 1055 163 581 257 410 421 10 40 36 115 941 283 297 489 168 103 427 321 533 559 236 962 1982 1419 610 168 477 414 3 72 368 13 6 40 3
3 1 9000001
3 2 8999753 248
4 1 9000001
4 2 8999766 235
5 1 9000001
5 2 8999808 193
time: 3000000000
1 1 10000001
1 2 9999750 251
2 1 10000001
2 2 9981079 539 1274 845 925 515 121 136 223 362 1055 163 581 257 410 421 10 40 36 115 941 283 297 489 168 103 427 321 533 559 236 962 1982 1419 610 168 477 414 3 72 368 13 6 40 3
3 1 10000001
3 2 9999753 248
4 1 10000001
4 2 9999766 235
5 1 10000001
5 2 9999808 193
