time: 2000000000
1 1 1
1 2 1
2 1 1
2 2 1
3 1 1
3 2 1
4 1 1
4 2 1
5 1 1
5 2 1
time: 2100000000
1 1 1000001
1 2 992624 7377
2 1 1000001
2 2 992619 7382
3 1 1000001
3 2 992623 7378
4 1 1000001
4 2 992624 7377
5 1 1000001
5 2 992577 7424
time: 2200000000
1 1 2000001
1 2 1992624 7377
2 1 2000001
2 2 1992619 7382
3 1 2000001
3 2 1992623 7378
4 1 2000001
4 2 1992624 7377
5 1 2000001
5 2 1992577 7424
time: 2300000000
1 1 3000001
1 2 2992624 7377
2 1 3000001
2 2 2992619 7382
3 1 3000001
3 2 2992623 7378
4 1 3000001
4 2 2992624 7377
5 1 3000001
5 2 2992577 7424
time: 2400000000
1 1 4000001
1 2 3992624 7377
2 1 4000001
2 2 3992619 7382
3 1 4000001
3 2 3992623 7378
4 1 4000001
4 2 3992624 7377
5 1 4000001
5 2 3992577 7424
time: 2500000000
1 1 5000001
1 2 4992624 7377
2 1 5000001
2 2 4992619 7382
3 1 5000001
3 2 4992623 7378
4 1 5000001
4 2 4992624 7377
5 1 5000001
5 2 4992577 7424
time: 2600000000
1 1 6000001
1 2 5992624 7377
2 1 6000001
2 2 5992619 7382
3 1 6000001
3 2 5992623 7378
4 1 6000001
4 2 5992624 7377
5 1 6000001
5 2 5992577 7424
time: 2700000000
1 1 7000001
1 2 6992624 7377
2 1 7000001
2 2 6992619 7382
3 1 7000001
3 2 6992623 7378
4 1 7000001
4 2 6992624 7377
5 1 7000001
5 2 6992577 7424
time: 2800000000
1 1 8000001
1 2 7992624 7377
2 1 8000001
2 2 7992619 7382
3 1 8000001
3 2 7992623 7378
4 1 8000001
4 2 7992624 7377
5 1 8000001
5 2 7992577 7424
time: 2900000000
1 1 9000001
1 2 8992624 7377
2 1 9000001
2 2 8992619 7382
3 1 9000001
3 2 8992623 7378
4 1 9000001
4 2 8992624 7377
5 1 9000001
5 2 8992577 7424
time: 3000000000
1 1 10000001
1 2 9992624 7377
2 1 10000001
2 2 9992619 7382
3 1 10000001
3 2 9992623 7378
4 1 10000001
4 2 9992624 7377
5 1 10000001
5 2 9992577 7424
