time: 2000000000
1 1 1
1 2 1
2 1 1
2 2 1
3 1 1
3 2 1
4 1 1
4 2 1
5 1 1
5 2 1
time: 2100000000
1 1 1000001
1 2 998717 1284
2 1 1000001
2 2 998722 1279
3 1 1000001
3 2 998723 1278
4 1 1000001
4 2 998733 1268
5 1 1000001
5 2 998736 1265
time: 2200000000
1 1 2000001
1 2 1997499 2502
2 1 2000001
2 2 1997494 2507
3 1 2000001
3 2 1997493 2508
4 1 2000001
4 2 1997522 2479
5 1 2000001
5 2 1997545 2456
time: 2300000000
1 1 3000001
1 2 2996307 3694
2 1 3000001
2 2 2996313 3688
3 1 3000001
3 2 2996336 3665
4 1 3000001
4 2 2996378 3623
5 1 3000001
5 2 2996387 3614
time: 2400000000
1 1 4000001
1 2 3995136 4865
2 1 4000001
2 2 3995135 4866
3 1 4000001
3 2 3995164 4837
4 1 4000001
4 2 3995224 4777
5 1 4000001
5 2 3995243 4758
time: 2500000000
1 1 5000001
1 2 4993885 6116
2 1 5000001
2 2 4993900 6101
3 1 5000001
3 2 4993942 6059
4 1 5000001
4 2 4993998 6003
5 1 5000001
5 2 4994002 5999
time: 2600000000
1 1 6000001
1 2 5992779 7222
2 1 6000001
2 2 5992793 7208
3 1 6000001
3 2 5992822 7179
4 1 6000001
4 2 5992869 7132
5 1 6000001
5 2 5992859 7142
time: 2700000000
1 1 7000001
1 2 6992779 7222
2 1 7000001
2 2 6992793 7208
3 1 7000001
3 2 6992822 7179
4 1 7000001
4 2 6992869 7132
5 1 7000001
5 2 6992859 7142
time: 2800000000
1 1 8000001
1 2 7992779 7222
2 1 8000001
2 2 7992793 7208
3 1 8000001
3 2 7992822 7179
4 1 8000001
4 2 7992869 7132
5 1 8000001
5 2 7992859 7142
time: 2900000000
1 1 9000001
1 2 8992779 7222
2 1 9000001
2 2 8992793 7208
3 1 9000001
3 2 8992822 7179
4 1 9000001
4 2 8992869 7132
5 1 9000001
5 2 8992859 7142
time: 3000000000
1 1 10000001
1 2 9992779 7222
2 1 10000001
2 2 9992793 7208
3 1 10000001
3 2 9992822 7179
4 1 10000001
4 2 9992869 7132
5 1 10000001
5 2 9992859 7142
