time: 2000000000
1 1 1
1 2 1
2 1 1
2 2 1
3 1 1
3 2 1
4 1 1
4 2 1
5 1 1
5 2 1
time: 2100000000
1 1 1000001
1 2 999746 255
2 1 1000001
2 2 999746 255
3 1 1000001
3 2 999804 197
4 1 1000001
4 2 999825 176
5 1 1000001
5 2 999794 207
time: 2200000000
1 1 2000001
1 2 1999746 255
2 1 2000001
2 2 1999746 255
3 1 2000001
3 2 1999804 197
4 1 2000001
4 2 1999825 176
5 1 2000001
5 2 1999794 207
time: 2300000000
1 1 3000001
1 2 2999746 255
2 1 3000001
2 2 2999746 255
3 1 3000001
3 2 2999804 197
4 1 3000001
4 2 2999825 176
5 1 3000001
5 2 2999794 207
time: 2400000000
1 1 4000001
1 2 3999746 255
2 1 4000001
2 2 3999746 255
3 1 4000001
3 2 3999804 197
4 1 4000001
4 2 3999825 176
5 1 4000001
5 2 3999794 207
time: 2500000000
1 1 5000001
1 2 4999746 255
2 1 5000001
2 2 4999746 255
3 1 5000001
3 2 4999804 197
4 1 5000001
4 2 4999825 176
5 1 5000001
5 2 4999794 207
time: 2600000000
1 1 6000001
1 2 5999746 255
2 1 6000001
2 2 5999746 255
3 1 6000001
3 2 5999804 197
4 1 6000001
4 2 5999825 176
5 1 6000001
5 2 5999794 207
time: 2700000000
1 1 7000001
1 2 6999746 255
2 1 7000001
2 2 6999746 255
3 1 7000001
3 2 6999804 197
4 1 7000001
4 2 6999825 176
5 1 7000001
5 2 6999794 207
time: 2800000000
1 1 8000001
1 2 7999746 255
2 1 8000001
2 2 7999746 255
3 1 8000001
3 2 7999804 197
4 1 8000001
4 2 7999825 176
5 1 8000001
5 2 7999794 207
time: 2900000000
1 1 9000001
1 2 8999746 255
2 1 9000001
2 2 8999746 255
3 1 9000001
3 2 8999804 197
4 1 9000001
4 2 8999825 176
5 1 9000001
5 2 8999794 207
time: 3000000000
1 1 10000001
1 2 9999746 255
2 1 10000001
2 2 9999746 255
3 1 10000001
3 2 9999804 197
4 1 10000001
4 2 9999825 176
5 1 10000001
5 2 9999794 207
