time: 2000000000
1 1 1
1 2 1
2 1 1
2 2 1
3 1 1
3 2 1
4 1 1
4 2 1
5 1 1
5 2 1
time: 2100000000
1 1 1000001
1 2 985819 386 2710 2988 135 2837 4352 5 4 10 1 7 55 621 71
2 1 1000001
2 2 988732 7899 3370
3 1 1000001
3 2 999760 241
4 1 1000001
4 2 999786 215
5 1 1000001
5 2 999794 207
time: 2200000000
1 1 2000001
1 2 1985819 386 2710 2988 135 2837 4352 5 4 10 1 7 55 621 71
2 1 2000001
2 2 1988732 7899 3370
3 1 2000001
3 2 1999760 241
4 1 2000001
4 2 1999786 215
5 1 2000001
5 2 1999794 207
time: 2300000000
1 1 3000001
1 2 2985819 386 2710 2988 135 2837 4352 5 4 10 1 7 55 621 71
2 1 3000001
2 2 2988732 7899 3370
3 1 3000001
3 2 2999760 241
4 1 3000001
4 2 2999786 215
5 1 3000001
5 2 2999794 207
time: 2400000000
1 1 4000001
1 2 3985819 386 2710 2988 135 2837 4352 5 4 10 1 7 55 621 71
2 1 4000001
2 2 3988732 7899 3370
3 1 4000001
3 2 3999760 241
4 1 4000001
4 2 3999786 215
5 1 4000001
5 2 3999794 207
time: 2500000000
1 1 5000001
1 2 4985819 386 2710 2988 135 2837 4352 5 4 10 1 7 55 621 71
2 1 5000001
2 2 4988732 7899 3370
3 1 5000001
3 2 4999760 241
4 1 5000001
4 2 4999786 215
5 1 5000001
5 2 4999794 207
time: 2600000000
1 1 6000001
1 2 5985819 386 2710 2988 135 2837 4352 5 4 10 1 7 55 621 71
2 1 6000001
2 2 5988732 7899 3370
3 1 6000001
3 2 5999760 241
4 1 6000001
4 2 5999786 215
5 1 6000001
5 2 5999794 207
time: 2700000000
1 1 7000001
1 2 6985819 386 2710 2988 135 2837 4352 5 4 10 1 7 55 621 71
2 1 7000001
2 2 6988732 7899 3370
3 1 7000001
3 2 6999760 241
4 1 7000001
4 2 6999786 215
5 1 7000001
5 2 6999794 207
time: 2800000000
1 1 8000001
1 2 7985819 386 2710 2988 135 2837 4352 5 4 10 1 7 55 621 71
2 1 8000001
2 2 7988732 7899 3370
3 1 8000001
3 2 7999760 241
4 1 8000001
4 2 7999786 215
5 1 8000001
5 2 7999794 207
time: 2900000000
1 1 9000001
1 2 8985819 386 2710 2988 135 2837 4352 5 4 10 1 7 55 621 71
2 1 9000001
2 2 8988732 7899 3370
3 1 9000001
3 2 8999760 241
4 1 9000001
4 2 8999786 215
5 1 9000001
5 2 8999794 207
time: 3000000000
1 1 10000001
1 2 9985819 386 2710 2988 135 2837 4352 5 4 10 1 7 55 621 71
2 1 10000001
2 2 9988732 7899 3370
3 1 10000001
3 2 9999760 241
4 1 10000001
4 2 9999786 215
5 1 10000001
5 2 9999794 207
