time: 2000000000
1 1 1
1 2 1
2 1 1
2 2 1
3 1 1
3 2 1
4 1 1
4 2 1
5 1 1
5 2 1
time: 2100000000
1 1 1000001
1 2 987403 12359 238 1
2 1 1000001
2 2 996404 3597
3 1 1000001
3 2 996444 3557
4 1 1000001
4 2 996456 3545
5 1 1000001
5 2 996424 3577
time: 2200000000
1 1 2000001
1 2 1976953 22622 424 2
2 1 2000001
2 2 1992829 7172
3 1 2000001
3 2 1992897 7104
4 1 2000001
4 2 1992910 7091
5 1 2000001
5 2 1992884 7117
time: 2300000000
1 1 3000001
1 2 2976953 22622 424 2
2 1 3000001
2 2 2992829 7172
3 1 3000001
3 2 2992897 7104
4 1 3000001
4 2 2992910 7091
5 1 3000001
5 2 2992884 7117
time: 2400000000
1 1 4000001
1 2 3976953 22622 424 2
2 1 4000001
2 2 3992829 7172
3 1 4000001
3 2 3992897 7104
4 1 4000001
4 2 3992910 7091
5 1 4000001
5 2 3992884 7117
time: 2500000000
1 1 5000001
1 2 4976953 22622 424 2
2 1 5000001
2 2 4992829 7172
3 1 5000001
3 2 4992897 7104
4 1 5000001
4 2 4992910 7091
5 1 5000001
5 2 4992884 7117
time: 2600000000
1 1 6000001
1 2 5976953 22622 424 2
2 1 6000001
2 2 5992829 7172
3 1 6000001
3 2 5992897 7104
4 1 6000001
4 2 5992910 7091
5 1 6000001
5 2 5992884 7117
time: 2700000000
1 1 7000001
1 2 6976953 22622 424 2
2 1 7000001
2 2 6992829 7172
3 1 7000001
3 2 6992897 7104
4 1 7000001
4 2 6992910 7091
5 1 7000001
5 2 6992884 7117
time: 2800000000
1 1 8000001
1 2 7976953 22622 424 2
2 1 8000001
2 2 7992829 7172
3 1 8000001
3 2 7992897 7104
4 1 8000001
4 2 7992910 7091
5 1 8000001
5 2 7992884 7117
time: 2900000000
1 1 9000001
1 2 8976953 22622 424 2
2 1 9000001
2 2 8992829 7172
3 1 9000001
3 2 8992897 7104
4 1 9000001
4 2 8992910 7091
5 1 9000001
5 2 8992884 7117
time: 3000000000
1 1 10000001
1 2 9976953 22622 424 2
2 1 10000001
2 2 9992829 7172
3 1 10000001
3 2 9992897 7104
4 1 10000001
4 2 9992910 7091
5 1 10000001
5 2 9992884 7117
