time: 2000000000
1 1 1
1 2 1
2 1 1
2 2 1
3 1 1
3 2 1
4 1 1
4 2 1
5 1 1
5 2 1
time: 2100000000
1 1 1000001
1 2 999750 251
2 1 1000001
2 2 977180 39 9 2 1 2 1 1 2 1 2 2 1 3 0 2 2 2 1 1 2 2 2 0 2 2 1 2 1 2 2 1 2 2 1 2 2 2 0 2 2 2 1 1 2 2 2 1 2 1 2 1 3 0 2 1 2 2 57 2 2 2 1 1 2 1 2 1 2 2 1 2 2 1 2 2 1 1 2 1 2 3 0 2 1 2 2 2 1 2 2 1 1 2 2 1 5 1 2 1 2 1 2 2 1 1 2 2 0 2 2 2 2 2 1 1 2 1 2 2 1 1 2 2 1 2 2 2 1 1 2 2 0 3 1 2 3 21 7 6 31 3 2 1 1 2 1 2 1 2 2 1 2 2 1 1 2 2 2 1 1 3 1 2 0 3 1 2 1 2 3 1 1 1 1 2 2 2 1 2 1 2 2 1 1 3 1 2 1 2 1 2 1 1 2 2 2 2 1 1 5 44 14 1 2 2 2 2 0 2 2 2 0 4 0 2 2 0 2 2 2 1 3 0 2 2 1 2 1 2 2 1 1 2 2 1 2 2 1 2 1 3 0 2 2 2 2 1 1 2 1 1 2 2 2 1 2 1 2 2 0 2 2 2 2 2 0 2 2 1 2 1 2 2 1 2 1 2 2 1 1 2 2 1 1 2 2 2 5 149 131 1 3 8 21 5 2 1 1 3 0 2 2 2 0 2 2 2 0 4 1 1 1 1 3 1 2 0 3 1 2 2 1 1 2 2 2 0 2 2 2 1 1 2 2 1 2 2 1 2 2 0 2 2 2 2 2 1 1 2 2 1 1 2 2 1 2 2 1 1 2 2 1 2 2 1 2 1 2 1 3 0 2 2 1 3 0 2 1 3 1 1 2 1 2 3 0 2 1 1 2 3 1 2 0 2 2 2 1 2 1 2 1 2 2 1 2 2 1 1 2 2 2 2 0 2 2 2 0 7 22 4 0 3 1 2 1 3 1 1 1 2 1 2 2 1 2 1 2 2 1 2 1 2 2 2 0 2 2 2 1 1 3 1 1 1 2 2 2 1 3 0 2 2 2 1 1 2 1 3 1 2 1 2 1 1 2 2 2 1 2 1 2 2 0 2 2 2 0 3 1 2 2 1 1 2 2 2 2 0 2 2 0 3 2 1 2 2 1 1 2 2 2 24 11 1 1 2 2 1 1 2 1 3 1 2 2 0 3 1 1 2 1 2 1 2 2 2 1 1 2 2 1 2 1 2 2 1 2 1 3 0 2 2 1 2 1 2 2 2 0 3 1 1 3 4 44 14 1 2 0 2 2 2 2 2 1 1 2 2 1 1 2 2 1 2 3 0 2 1 1 3 1 2 1 1 2 2 2 1 1 2 2 1 1 2 2 2 2 0 2 2 2 1 1 3 1 1 2 1 2 2 55 2 1 2 2 2 0 3 2 1 1 2 1 2 2 1 1 3 1 2 2 1 1 2 2 2 0 2 2 2 0 3 1 2 1 1 2 6 70 60 3 1 1 2 2 1 2 1 3 1 1 2 1 2 1 2 1 2 1 2 1 3 1 1 2 2 1 2 1 2 2 1 2 2 2 0 167 316 25 66 34 7 14 27 4 3 6 34 12 5 4 3 5 3 10 10 22 198 76 6 25 66 80 11 13 385 252 2 1 1 2 2 1 1 2 2 2 2 0 2 2 2 2 1 2 1 2 1 1 3 1 2 2 1 1 2 2 0 3 1 2 1 2 1 2 2 1 2 1 55 3 15 263 88 16 50 6 1 2 2 1 1 2 2 1 1 2 2 2 1 3 0 2 2 1 1 2 2 1 2 1 2 1 3 0 3 1 2 1 1 3 1 1 2 2 2 1 2 74 166 23 25 37 14 5 4 6 73 79 29 12 227 92 2 4 3 4 4 12 21 164 83 2 2 2 0 3 1 2 2 2 0 2 2 2 1 2 1 2 2 1 1 2 2 1 1 2 2 2 0 2 2 2 2 1 1 2 2 2 0 3 1 2 1 2 1 2 2 1 3 0 2 8 68 20 13 2 2 0 2 2 50 2 1 1 2 2 1 1 2 2 1 2 1 2 2 2 2 0 2 2 1 2 1 2 2 1 1 2 2 2 2 0 2 2 2 2 0 3 2 1 1 2 2 2 0 2 2 1 2 1 2 2 1 2 2 1 2 1 2 1 2 1 3 1 1 35 362 53 21 2 1 2 2 1 2 1 1 2 2 1 2 1 2 2 2 0 2 2 2 2 0 2 2 1 1 3 1 2 2 1 2 2 1 2 1 2 1 2 1 2 1 2 2 1 1 2 2 1 2 2 1 2 1 2 2 1 2 2 1 2 1 2 1 2 2 2 0 3 14 552 266 2 0 3 2 1 1 2 2 0 3 1 1 2 2 1 2 1 1 3 1 2 1 1 3 1 2 1 1 3 1 2 2 0 2 2 1 2 1 2 2 1 1 2 2 2 1 1 2 2 2 2 1 1 2 2 0 3 1 2 1 1 2 2 1 2 2 1 2 2 1 2 2 1 1 2 9 178 91 11 3 1 2 2 1 1 2 2 1 2 1 2 1 2 1 2 2 2 0 2 2 2 2 2 1 1 1 2 2 1 2 1 2 2 1 2 2 2 1 1 1 2 2 1 2 2 1 1 2 2 2 2 1 1 2 2 1 2 1 2 2 0 3 1 2 7 369 259 17 16 2 2 1 1 2 2 2 0 2 2 2 2 0 2 2 1 3 0 2 2 1 1 2 2 2 2 0 3 1 2 1 1 2 2 1 2 2 2 1 1 2 2 1 2 1 1 2 2 1 3 2 1 1 1 3 0 2 2 1 2 1 3 1 2 1 2 1 2 2 1 1 3 55 32 29 1 2 1 2 1 2 2 2 2 0 2 2 2 1 1 2 2 1 1 2 2 2 0 2 2 2 2 1 2 1 2 1 1 2 2 2 2 2 0 2 2 1 2 1 2 2 2 0 2 2 2 0 3 1 2 2 1 2 1 2 2 1 1 2 2 2 0 2 2 37 27 8 26 1 1 2 1 2 2 2 2 0 2 2 1 2 1 2 2 2 1 1 2 2 1 1 2 2 2 1 1 2 2 1 2 2 1 2 1 2 2 2 0 3 0 2 2 2 2 1 2 1 1 2 2 1 1 3 0 3 1 2 1 2 1 2 2 1 1 2 2 72 119 1 17 16 3 1 1 2 2 1 2 1 2 1 2 2 2 1 1 3 1 1 2 1 2 1 2 2 1 2 1 2 2 1 1 2 2 2 0 4 0 2 2 1 2 1 2 2 1 1 2 2 1 1 3 1 2 2 0 2 2 2 1 2 1 2 2 1 2 1 2 20 395 179 9 1 2 2 1 2 2 1 1 2 3 1 2 0 2 2 2 1 2 2 1 2 1 2 1 2 2 1 1 2 2 1 1 2 2 2 1 1 2 2 1 1 2 2 1 3 0 3 1 2 1 1 2 2 1 1 3 2 1 2 0 2 3 0 3 1 1 3 1 2 0 2 2 2 0 3 27 235 35 23 2 2 2 1 1 2 2 2 0 2 2 2 2 0 3 1 2 0 2 2 2 2 1 2 1 2 2 1 1 2 2 1 2 2 1 2 1 1 3 1 1 3 1 1 2 2 1 2 1 2 1 1 2 2 2 1 1 2 2 2 0 3 1 2 2 153 654 6 23 8 0 2 2 2 1 2 1 2 2 2 0 2 2 1 2 1 3 1 2 1 1 2 2 0 2 2 2 2 1 1 2 2 1 2 2 1 2 1 3 0 2 2 1 2 1 2 2 0 3 1 2 2 2 0 2 2 1 3 1 1 2 2 1 2 1 2 1 1 2 2 2 1 3 0 24 15 2 2 2 2 1 2 1 1 3 0 3 1 1 2 1 2 2 1 2 1 2 2 1 2 1 3 2 0 2 1 1 3 1 1 2 2 1 2 2 1 1 2 2 1 2 2 2 1 1 2 1 2 2 1 2 1 2 2 1 2 1 2 2 1 1 2 1 3 2 1 1 3 37 7 2 1 2 1 2 2 2 0 2 2 2 1 2 1 2 2 2 1 1 2 2 0 2 2 2 2 0 2 2 2 1 2 1 2 2 1 1 2 2 1 2 2 1 2 1 2 2 1 2 2 0 3 1 2 1 1 2 2 2 1 3 0 2 1 2 1 2 2 2 0 2 2 2 2 0 2 2 2 2 0 2 2 2 0 2 3 1 1 1 3 1 2 1 1 2 2 2 1 2 1 2 2 1 2 1 2 0 2 2 2 2 1 2 1 2 2 1 1 2 2 2 1 1 2 2 1 2 2 33 11 1 1 2 2 2 1 2 1 2 2 1 1 2 2 1 2 1 2 2 2 0 2 2 2 1 1 2 2 2 1 1 2 2 1 1 2 2 2 1 2 1 2 2 1 1 2 2 2 2 1 1 2 2 2 0 2 2 2 1 2 1 2 1 1 3 1 2 6 140 114 2 27 6 1 1 2 2 0 2 2 2 2 2 1 1 2 2 0 2 2 2 0 2 2 2 2 2 0 2 2 2 0 2 2 2 2 1 1 2 2 2 0 2 2 2 2 1 1 2 2 1 1 3 1 2 2 0 3 1 2 2 0 2 2 1 1 2 2 2 1 77 480 35 17 1 2 2 2 2 1 1 2 1 3 1 1 2 1 2 1 2 2 1 2 1 2 2 1 1 2 2 1 3 0 2 2 2 2 1 1 2 2 0 2 2 2 1 2 1 2 1 2 1 2 1 3 0 2 2 1 2 1 3 1 2 1 2 1 2 2 1 1 2 2 1 2 2 44 59 2 1 1 2 2 1 2 1 1 2 2 1 2 1 2 2 1 2 1 2 2 1 1 2 2 2 1 1 3 1 1 1 3 1 1 2 1 3 1 2 0 2 2 2 2 1 2 1 2 1 1 2 2 1 3 2 0 2 2 1 2 1 2 2 2 0 2 2 1 7 26 32 1 2 1 3 1 0 2 2 1 2 1 3 1 2 1 2 2 1 2 2 1 1 2 1 2 2 1 2 2 1 1 2 2 1 1 3 2 1 1 2 1 2 2 1 2 1 2 1 2 2 1 1 2 2 2 1 1 2 3 1 1 2 1 1 2 2 2 1 1 2 2 8 49 14 26 10 2 1 2 2 1 2 1 2 1 2 2 1 2 1 2 2 2 0 3 1 1 2 1 2 3 1 1 2 1 2 2 1 1 2 2 2 1 2 2 1 1 1 4 1 2 1 2 2 2 1 2 1 2 2 1 1 2 1 2 26 261 30 36 63 29 9 1 2 2 2 0 3 0 3 2 0 2 2 2 1 1 2 2 1 2 2 1 2 1 1 2 2 2 2 0 2 2 2 1 1 2 2 2 1 1 2 2 1 1 2 2 2 1 1 2 1 3 1 1 3 1 2 2 0 3 0 2 1 2 2 2 1 1 2 2 1 2 4 24 2 2 2 1 1 2 1 2 1 2 2 1 2 1 2 2 1 2 1 1 2 3 0 2 1 2 1 3 1 1 2 1 3 1 1 2 2 1 2 2 1 2 1 2 2 0 3 1 2 2 1 1 2 2 2 0 14 174 57 28 2 10 5 7 12 8 3 3 4 4 7 78 64 0 2 2 1 1 2 2 2 1 1 3 1 2 1 1 2 2 1 3 1 1 2 1 2 1 2 1 3 0 2 2 1 2 1 2 2 1 2 1 2 2 1 2 1 2 2 1 2 2 1 2 1 1 2 1 2 2 55 66 8 2 2 1 1 2 2 2 1 1 2 2 1 1 3 1 2 0 2 2 2 2 2 0 2 2 2 0 4 0 2 1 2 1 2 2 1 3 0 2 2 1 1 2 2 1 3 0 2 2 1 1 2 2 2 2 1 1 2 2 0 2 2 2 2 2 0 2 2 1 2 2 207 920 38 2 1 2 2 2 0 2 2 2 1 2 2 1 1 2 2 1 2 2 1 2 1 2 1 2 1 2 2 2 0 2 2 2 1 1 3 1 2 2 1 1 2 2 2 0 2 2 2 1 1 2 2 1 1 3 1 2 1 1 2 2 2 1 1 2 2 2 0 2 2 2 1 1 17 273 32 24 9 1 2 1 1 2 2 2 1 2 2 1 2 2 1 1 2 2 0 2 2 2 2 2 1 1 2 2 2 1 2 1 1 2 2 1 2 1 1 2 2 2 2 1 1 2 1 2 2 1 2 1 2 1 2 2 2 1 1 2 2 1 2 1 2 1 2 1 20 23 1 2 1 2 2 2 2 0 2 2 2 0 2 2 2 1 2 1 2 2 1 2 1 2 2 1 1 2 2 2 0 2 2 2 1 1 2 2 2 1 1 2 2 2 1 71 1 2 2 0 2 2 2 0 3 2 1 2 2 0 2 2 1 2 2 1 2 2 1 1 2 2 1 3 0 3 0 2 2 1 2 2 0 2 2 2 2 1 1 2 2 1 2 2 1 2 1 1 3 1 2 1 2 1 2 2 2 0 2 2 1 3 0 2 2 1 3 0 50 2 2 2 1 2 1 1 4 372 655 1 22 12 2 1 2 1 2 1 2 2 2 0 2 2 2 1 1 2 2 2 1 3 1 1 2 2 2 2 1 1 3 0 2 2 1 2 1 2 1 3 1 1 3 1 1 2 1 2 2 1 1 2 1 2 2 2 1 1 3 1 1 27 35 0 2 3 2 0 2 1 2 2 2 0 3 1 2 2 1 1 2 2 1 1 2 2 1 2 2 1 2 2 0 2 2 2 2 0 2 2 2 1 2 1 2 2 1 2 2 1 2 1 1 2 2 2 0 2 3 1 1 1 2 2 1 2 1 2 2 2 1 1 2 2 1 2 2 1 1 3 0 2 2 2 1 2 1 2 11 79 2 5 26 6 0 2 2 1 2 1 3 1 2 1 2 2 1 1 2 2 2 1 1 2 2 1 2 2 1 2 1 1 2 2 1 2 1 3 0 3 1 1 2 1 2 2 1 2 1 2 2 0 3 1 2 1 2 2 1 2 33 28 1 2 1 3 0 2 2 2 2 0 2 2 2 1 2 2 0 3 1 2 2 1 1 2 1 2 2 1 2 2 1 2 1 1 2 1 2 2 1 2 2 1 3 0 2 2 2 0 2 2 1 2 1 2 2 2 1 2 1 1 3 0 3 2 1 2 0 3 1 2 0 3 1 2 1 2 1 2 2 1 1 3 1 3 268 155 20 14 1 2 1 2 2 1 2 2 1 1 2 2 1 2 2 2 1 1 2 3 0 2 2 2 1 1 2 1 2 1 1 3 1 1 2 2 1 2 2 1 2 1 2 1 2 2 1 2 2 1 2 2 1 1 2 2 11 50 2 2 1 1 3 1 2 0 2 2 2 2 1 2 1 2 2 1 1 2 2 2 1 1 2 2 1 2 1 2 2 0 2 2 2 2 2 0 2 2 1 1 2 2 2 1 2 1 2 2 1 1 2 2 2 0 3 1 2 2 1 1 3 1 1 2 2 1 2 2 0 2 2 1 1 2 2 2 2 2 0 2 2 2 12 242 81 4 16 15 2 2 1 1 2 2 2 0 2 2 2 2 0 2 2 1 2 1 2 2 1 3 0 2 1 2 2 1 2 2 1 1 2 2 2 1 2 2 1 1 3 1 1 2 2 1 1 2 2 1 2 1 2 2 4 41 17 2 2 1 1 2 2 2 1 2 1 2 2 2 1 1 2 2 1 1 2 2 1 1 3 1 2 2 0 3 1 2 1 1 2 2 2 1 2 1 2 2 1 2 1 2 2 1 1 2 2 1 2 1 2 2 2 0 2 2 1 3 1 1 2 1 2 2 1 2 1 2 1 2 2 2 2 0 3 0 1 2 2 2 2 2 1 2 1 1 2 2 1 2 1 2 1 2 2 1 1 2 2 2 1 2 1 2 1 1 2 2 2 1 2 2 1 2 2 1 1 2 2 0 2 2 2 2 0 2 2 2 1 2 1 2 2 2 0 3 1 2 0 3 1 2 2 1 1 2 3 348 1380 427 3
3 1 1000001
3 2 999882 119
4 1 1000001
4 2 999885 116
5 1 1000001
5 2 999839 162
