time: 2000000000
1 1 1
1 2 1
2 1 1
2 2 1
3 1 1
3 2 1
4 1 1
4 2 1
5 1 1
5 2 1
time: 2100000000
1 1 1000001
1 2 992612 7389
2 1 1000001
2 2 941987 9574 4492 36461 840 664 5237 162 131 434 19
3 1 1000001
3 2 992609 7392
4 1 1000001
4 2 992593 7408
5 1 1000001
5 2 992582 7419
time: 2200000000
1 1 2000001
1 2 1992612 7389
2 1 2000001
2 2 1941987 9574 4492 36461 840 664 5237 162 131 434 19
3 1 2000001
3 2 1992609 7392
4 1 2000001
4 2 1992592 7409
5 1 2000001
5 2 1992581 7420
time: 2300000000
1 1 3000001
1 2 2992612 7389
2 1 3000001
2 2 2941987 9574 4492 36461 840 664 5237 162 131 434 19
3 1 3000001
3 2 2992609 7392
4 1 3000001
4 2 2992592 7409
5 1 3000001
5 2 2992581 7420
time: 2400000000
1 1 4000001
1 2 3992612 7389
2 1 4000001
2 2 3941987 9574 4492 36461 840 664 5237 162 131 434 19
3 1 4000001
3 2 3992609 7392
4 1 4000001
4 2 3992592 7409
5 1 4000001
5 2 3992581 7420
time: 2500000000
1 1 5000001
1 2 4992612 7389
2 1 5000001
2 2 4941987 9574 4492 36461 840 664 5237 162 131 434 19
3 1 5000001
3 2 4992609 7392
4 1 5000001
4 2 4992592 7409
5 1 5000001
5 2 4992581 7420
time: 2600000000
1 1 6000001
1 2 5992612 7389
2 1 6000001
2 2 5941987 9574 4492 36461 840 664 5237 162 131 434 19
3 1 6000001
3 2 5992609 7392
4 1 6000001
4 2 5992592 7409
5 1 6000001
5 2 5992581 7420
time: 2700000000
1 1 7000001
1 2 6992612 7389
2 1 7000001
2 2 6941987 9574 4492 36461 840 664 5237 162 131 434 19
3 1 7000001
3 2 6992609 7392
4 1 7000001
4 2 6992592 7409
5 1 7000001
5 2 6992581 7420
time: 2800000000
1 1 8000001
1 2 7992612 7389
2 1 8000001
2 2 7941987 9574 4492 36461 840 664 5237 162 131 434 19
3 1 8000001
3 2 7992609 7392
4 1 8000001
4 2 7992592 7409
5 1 8000001
5 2 7992581 7420
time: 2900000000
1 1 9000001
1 2 8992612 7389
2 1 9000001
2 2 8941987 9574 4492 36461 840 664 5237 162 131 434 19
3 1 9000001
3 2 8992609 7392
4 1 9000001
4 2 8992592 7409
5 1 9000001
5 2 8992581 7420
time: 3000000000
1 1 10000001
1 2 9992612 7389
2 1 10000001
2 2 9941987 9574 4492 36461 840 664 5237 162 131 434 19
3 1 10000001
3 2 9992609 7392
4 1 10000001
4 2 9992592 7409
5 1 10000001
5 2 9992581 7420
