time: 2000000000
1 1 1
1 2 1
2 1 1
2 2 1
3 1 1
3 2 1
4 1 1
4 2 1
5 1 1
5 2 1
time: 2100000000
1 1 1000001
1 2 936100 57120 6324 451 6
2 1 1000001
2 2 992635 7366
3 1 1000001
3 2 992753 7248
4 1 1000001
4 2 992754 7247
5 1 1000001
5 2 992732 7269
time: 2200000000
1 1 2000001
1 2 1936100 57120 6324 451 6
2 1 2000001
2 2 1992635 7366
3 1 2000001
3 2 1992753 7248
4 1 2000001
4 2 1992753 7248
5 1 2000001
5 2 1992731 7270
time: 2300000000
1 1 3000001
1 2 2936100 57120 6324 451 6
2 1 3000001
2 2 2992635 7366
3 1 3000001
3 2 2992753 7248
4 1 3000001
4 2 2992753 7248
5 1 3000001
5 2 2992731 7270
time: 2400000000
1 1 4000001
1 2 3936100 57120 6324 451 6
2 1 4000001
2 2 3992635 7366
3 1 4000001
3 2 3992753 7248
4 1 4000001
4 2 3992753 7248
5 1 4000001
5 2 3992731 7270
time: 2500000000
1 1 5000001
1 2 4936100 57120 6324 451 6
2 1 5000001
2 2 4992635 7366
3 1 5000001
3 2 4992753 7248
4 1 5000001
4 2 4992753 7248
5 1 5000001
5 2 4992731 7270
time: 2600000000
1 1 6000001
1 2 5936100 57120 6324 451 6
2 1 6000001
2 2 5992635 7366
3 1 6000001
3 2 5992753 7248
4 1 6000001
4 2 5992753 7248
5 1 6000001
5 2 5992731 7270
time: 2700000000
1 1 7000001
1 2 6936100 57120 6324 451 6
2 1 7000001
2 2 6992635 7366
3 1 7000001
3 2 6992753 7248
4 1 7000001
4 2 6992753 7248
5 1 7000001
5 2 6992731 7270
time: 2800000000
1 1 8000001
1 2 7936100 57120 6324 451 6
2 1 8000001
2 2 7992635 7366
3 1 8000001
3 2 7992753 7248
4 1 8000001
4 2 7992753 7248
5 1 8000001
5 2 7992731 7270
time: 2900000000
1 1 9000001
1 2 8936100 57120 6324 451 6
2 1 9000001
2 2 8992635 7366
3 1 9000001
3 2 8992753 7248
4 1 9000001
4 2 8992753 7248
5 1 9000001
5 2 8992731 7270
time: 3000000000
1 1 10000001
1 2 9936100 57120 6324 451 6
2 1 10000001
2 2 9992635 7366
3 1 10000001
3 2 9992753 7248
4 1 10000001
4 2 9992753 7248
5 1 10000001
5 2 9992731 7270
