time: 2000000000
1 1 1
1 2 1
2 1 1
2 2 1
3 1 1
3 2 1
4 1 1
4 2 1
5 1 1
5 2 1
time: 2100000000
1 1 1000001
1 2 999982 19
2 1 1000001
2 2 984829 123 72 48 48 57 51 47 58 53 68 67 46 45 55 52 57 59 62 60 65 72 60 55 66 72 72 56 75 66 80 69 71 66 74 67 57 80 100 65 62 71 72 62 82 52 72 69 57 56 88 56 81 68 78 78 65 70 66 92 86 63 78 62 70 83 70 72 66 59 67 71 61 69 73 59 66 64 60 58 83 86 98 64 86 80 90 87 75 85 76 79 89 81 78 78 85 80 69 84 94 77 99 77 103 110 74 83 77 82 95 77 94 88 64 79 95 99 70 82 63 70 62 67 68 76 70 73 87 66 64 86 80 84 86 78 83 67 68 56 51 72 75 64 66 69 59 57 53 64 58 55 64 64 55 37 50 64 45 42 54 43 51 47 42 35 43 47 45 38 33 37 40 31 30 37 43 49 39 30 33 29 30 34 45 38 39 24 34 40 29 40 27 42 36 37 44 38 41 27 28 37 38 38 63 29 27 35 33 28 34 27 26 34 26 33 44 42 27 21 27 24 23 25 23 22 12 15 21 29 23 21 26 18 29 15 20 27 16 20 30 28 15 16 23 21 11 11 16 11 27 19 24 18 20 22 10 16 14 18 16 18 20 17 9 21 27 23 17 17 9 19 9 16 14 13 19 19 19 18 11 15 7 16 15 9 17 18 15 14 29 16 11 17 12 10 18 16 18 14 7 9 17 15 5 10 6 3 4 7 4 5 7 6 2 11 7 9 5 16 7 12 13 10 8 22 5 5 1 3 1 4 6 2 2 7 11 2 4 5 3 2 5 2
3 1 1000001
3 2 999933 68
4 1 1000001
4 2 999918 83
5 1 1000001
5 2 999918 83
time: 2200000000
1 1 2000001
1 2 1999982 19
2 1 2000001
2 2 1984829 123 72 48 48 57 51 47 58 53 68 67 46 45 55 52 57 59 62 60 65 72 60 55 66 72 72 56 75 66 80 69 71 66 74 67 57 80 100 65 62 71 72 62 82 52 72 69 57 56 88 56 81 68 78 78 65 70 66 92 86 63 78 62 70 83 70 72 66 59 67 71 61 69 73 59 66 64 60 58 83 86 98 64 86 80 90 87 75 85 76 79 89 81 78 78 85 80 69 84 94 77 99 77 103 110 74 83 77 82 95 77 94 88 64 79 95 99 70 82 63 70 62 67 68 76 70 73 87 66 64 86 80 84 86 78 83 67 68 56 51 72 75 64 66 69 59 57 53 64 58 55 64 64 55 37 50 64 45 42 54 43 51 47 42 35 43 47 45 38 33 37 40 31 30 37 43 49 39 30 33 29 30 34 45 38 39 24 34 40 29 40 27 42 36 37 44 38 41 27 28 37 38 38 63 29 27 35 33 28 34 27 26 34 26 33 44 42 27 21 27 24 23 25 23 22 12 15 21 29 23 21 26 18 29 15 20 27 16 20 30 28 15 16 23 21 11 11 16 11 27 19 24 18 20 22 10 16 14 18 16 18 20 17 9 21 27 23 17 17 9 19 9 16 14 13 19 19 19 18 11 15 7 16 15 9 17 18 15 14 29 16 11 17 12 10 18 16 18 14 7 9 17 15 5 10 6 3 4 7 4 5 7 6 2 11 7 9 5 16 7 12 13 10 8 22 5 5 1 3 1 4 6 2 2 7 11 2 4 5 3 2 5 2
3 1 2000001
3 2 1999933 68
4 1 2000001
4 2 1999918 83
5 1 2000001
5 2 1999918 83
time: 2300000000
1 1 3000001
1 2 2999982 19
2 1 3000001
2 2 2984829 123 72 48 48 57 51 47 58 53 68 67 46 45 55 52 57 59 62 60 65 72 60 55 66 72 72 56 75 66 80 69 71 66 74 67 57 80 100 65 62 71 72 62 82 52 72 69 57 56 88 56 81 68 78 78 65 70 66 92 86 63 78 62 70 83 70 72 66 59 67 71 61 69 73 59 66 64 60 58 83 86 98 64 86 80 90 87 75 85 76 79 89 81 78 78 85 80 69 84 94 77 99 77 103 110 74 83 77 82 95 77 94 88 64 79 95 99 70 82 63 70 62 67 68 76 70 73 87 66 64 86 80 84 86 78 83 67 68 56 51 72 75 64 66 69 59 57 53 64 58 55 64 64 55 37 50 64 45 42 54 43 51 47 42 35 43 47 45 38 33 37 40 31 30 37 43 49 39 30 33 29 30 34 45 38 39 24 34 40 29 40 27 42 36 37 44 38 41 27 28 37 38 38 63 29 27 35 33 28 34 27 26 34 26 33 44 42 27 21 27 24 23 25 23 22 12 15 21 29 23 21 26 18 29 15 20 27 16 20 30 28 15 16 23 21 11 11 16 11 27 19 24 18 20 22 10 16 14 18 16 18 20 17 9 21 27 23 17 17 9 19 9 16 14 13 19 19 19 18 11 15 7 16 15 9 17 18 15 14 29 16 11 17 12 10 18 16 18 14 7 9 17 15 5 10 6 3 4 7 4 5 7 6 2 11 7 9 5 16 7 12 13 10 8 22 5 5 1 3 1 4 6 2 2 7 11 2 4 5 3 2 5 2
3 1 3000001
3 2 2999933 68
4 1 3000001
4 2 2999918 83
5 1 3000001
5 2 2999918 83
time: 2400000000
1 1 4000001
1 2 3999982 19
2 1 4000001
2 2 3984829 123 72 48 48 57 51 47 58 53 68 67 46 45 55 52 57 59 62 60 65 72 60 55 66 72 72 56 75 66 80 69 71 66 74 67 57 80 100 65 62 71 72 62 82 52 72 69 57 56 88 56 81 68 78 78 65 70 66 92 86 63 78 62 70 83 70 72 66 59 67 71 61 69 73 59 66 64 60 58 83 86 98 64 86 80 90 87 75 85 76 79 89 81 78 78 85 80 69 84 94 77 99 77 103 110 74 83 77 82 95 77 94 88 64 79 95 99 70 82 63 70 62 67 68 76 70 73 87 66 64 86 80 84 86 78 83 67 68 56 51 72 75 64 66 69 59 57 53 64 58 55 64 64 55 37 50 64 45 42 54 43 51 47 42 35 43 47 45 38 33 37 40 31 30 37 43 49 39 30 33 29 30 34 45 38 39 24 34 40 29 40 27 42 36 37 44 38 41 27 28 37 38 38 63 29 27 35 33 28 34 27 26 34 26 33 44 42 27 21 27 24 23 25 23 22 12 15 21 29 23 21 26 18 29 15 20 27 16 20 30 28 15 16 23 21 11 11 16 11 27 19 24 18 20 22 10 16 14 18 16 18 20 17 9 21 27 23 17 17 9 19 9 16 14 13 19 19 19 18 11 15 7 16 15 9 17 18 15 14 29 16 11 17 12 10 18 16 18 14 7 9 17 15 5 10 6 3 4 7 4 5 7 6 2 11 7 9 5 16 7 12 13 10 8 22 5 5 1 3 1 4 6 2 2 7 11 2 4 5 3 2 5 2
3 1 4000001
3 2 3999933 68
4 1 4000001
4 2 3999918 83
5 1 4000001
5 2 3999918 83
time: 2500000000
1 1 5000001
1 2 4999982 19
2 1 5000001
2 2 4984829 123 72 48 48 57 51 47 58 53 68 67 46 45 55 52 57 59 62 60 65 72 60 55 66 72 72 56 75 66 80 69 71 66 74 67 57 80 100 65 62 71 72 62 82 52 72 69 57 56 88 56 81 68 78 78 65 70 66 92 86 63 78 62 70 83 70 72 66 59 67 71 61 69 73 59 66 64 60 58 83 86 98 64 86 80 90 87 75 85 76 79 89 81 78 78 85 80 69 84 94 77 99 77 103 110 74 83 77 82 95 77 94 88 64 79 95 99 70 82 63 70 62 67 68 76 70 73 87 66 64 86 80 84 86 78 83 67 68 56 51 72 75 64 66 69 59 57 53 64 58 55 64 64 55 37 50 64 45 42 54 43 51 47 42 35 43 47 45 38 33 37 40 31 30 37 43 49 39 30 33 29 30 34 45 38 39 24 34 40 29 40 27 42 36 37 44 38 41 27 28 37 38 38 63 29 27 35 33 28 34 27 26 34 26 33 44 42 27 21 27 24 23 25 23 22 12 15 21 29 23 21 26 18 29 15 20 27 16 20 30 28 15 16 23 21 11 11 16 11 27 19 24 18 20 22 10 16 14 18 16 18 20 17 9 21 27 23 17 17 9 19 9 16 14 13 19 19 19 18 11 15 7 16 15 9 17 18 15 14 29 16 11 17 12 10 18 16 18 14 7 9 17 15 5 10 6 3 4 7 4 5 7 6 2 11 7 9 5 16 7 12 13 10 8 22 5 5 1 3 1 4 6 2 2 7 11 2 4 5 3 2 5 2
3 1 5000001
3 2 4999933 68
4 1 5000001
4 2 4999918 83
5 1 5000001
5 2 4999918 83
time: 2600000000
1 1 6000001
1 2 5999982 19
2 1 6000001
2 2 5984829 123 72 48 48 57 51 47 58 53 68 67 46 45 55 52 57 59 62 60 65 72 60 55 66 72 72 56 75 66 80 69 71 66 74 67 57 80 100 65 62 71 72 62 82 52 72 69 57 56 88 56 81 68 78 78 65 70 66 92 86 63 78 62 70 83 70 72 66 59 67 71 61 69 73 59 66 64 60 58 83 86 98 64 86 80 90 87 75 85 76 79 89 81 78 78 85 80 69 84 94 77 99 77 103 110 74 83 77 82 95 77 94 88 64 79 95 99 70 82 63 70 62 67 68 76 70 73 87 66 64 86 80 84 86 78 83 67 68 56 51 72 75 64 66 69 59 57 53 64 58 55 64 64 55 37 50 64 45 42 54 43 51 47 42 35 43 47 45 38 33 37 40 31 30 37 43 49 39 30 33 29 30 34 45 38 39 24 34 40 29 40 27 42 36 37 44 38 41 27 28 37 38 38 63 29 27 35 33 28 34 27 26 34 26 33 44 42 27 21 27 24 23 25 23 22 12 15 21 29 23 21 26 18 29 15 20 27 16 20 30 28 15 16 23 21 11 11 16 11 27 19 24 18 20 22 10 16 14 18 16 18 20 17 9 21 27 23 17 17 9 19 9 16 14 13 19 19 19 18 11 15 7 16 15 9 17 18 15 14 29 16 11 17 12 10 18 16 18 14 7 9 17 15 5 10 6 3 4 7 4 5 7 6 2 11 7 9 5 16 7 12 13 10 8 22 5 5 1 3 1 4 6 2 2 7 11 2 4 5 3 2 5 2
3 1 6000001
3 2 5999933 68
4 1 6000001
4 2 5999918 83
5 1 6000001
5 2 5999918 83
time: 2700000000
1 1 7000001
1 2 6999982 19
2 1 7000001
2 2 6984829 123 72 48 48 57 51 47 58 53 68 67 46 45 55 52 57 59 62 60 65 72 60 55 66 72 72 56 75 66 80 69 71 66 74 67 57 80 100 65 62 71 72 62 82 52 72 69 57 56 88 56 81 68 78 78 65 70 66 92 86 63 78 62 70 83 70 72 66 59 67 71 61 69 73 59 66 64 60 58 83 86 98 64 86 80 90 87 75 85 76 79 89 81 78 78 85 80 69 84 94 77 99 77 103 110 74 83 77 82 95 77 94 88 64 79 95 99 70 82 63 70 62 67 68 76 70 73 87 66 64 86 80 84 86 78 83 67 68 56 51 72 75 64 66 69 59 57 53 64 58 55 64 64 55 37 50 64 45 42 54 43 51 47 42 35 43 47 45 38 33 37 40 31 30 37 43 49 39 30 33 29 30 34 45 38 39 24 34 40 29 40 27 42 36 37 44 38 41 27 28 37 38 38 63 29 27 35 33 28 34 27 26 34 26 33 44 42 27 21 27 24 23 25 23 22 12 15 21 29 23 21 26 18 29 15 20 27 16 20 30 28 15 16 23 21 11 11 16 11 27 19 24 18 20 22 10 16 14 18 16 18 20 17 9 21 27 23 17 17 9 19 9 16 14 13 19 19 19 18 11 15 7 16 15 9 17 18 15 14 29 16 11 17 12 10 18 16 18 14 7 9 17 15 5 10 6 3 4 7 4 5 7 6 2 11 7 9 5 16 7 12 13 10 8 22 5 5 1 3 1 4 6 2 2 7 11 2 4 5 3 2 5 2
3 1 7000001
3 2 6999933 68
4 1 7000001
4 2 6999918 83
5 1 7000001
5 2 6999918 83
time: 2800000000
1 1 8000001
1 2 7999982 19
2 1 8000001
2 2 7984829 123 72 48 48 57 51 47 58 53 68 67 46 45 55 52 57 59 62 60 65 72 60 55 66 72 72 56 75 66 80 69 71 66 74 67 57 80 100 65 62 71 72 62 82 52 72 69 57 56 88 56 81 68 78 78 65 70 66 92 86 63 78 62 70 83 70 72 66 59 67 71 61 69 73 59 66 64 60 58 83 86 98 64 86 80 90 87 75 85 76 79 89 81 78 78 85 80 69 84 94 77 99 77 103 110 74 83 77 82 95 77 94 88 64 79 95 99 70 82 63 70 62 67 68 76 70 73 87 66 64 86 80 84 86 78 83 67 68 56 51 72 75 64 66 69 59 57 53 64 58 55 64 64 55 37 50 64 45 42 54 43 51 47 42 35 43 47 45 38 33 37 40 31 30 37 43 49 39 30 33 29 30 34 45 38 39 24 34 40 29 40 27 42 36 37 44 38 41 27 28 37 38 38 63 29 27 35 33 28 34 27 26 34 26 33 44 42 27 21 27 24 23 25 23 22 12 15 21 29 23 21 26 18 29 15 20 27 16 20 30 28 15 16 23 21 11 11 16 11 27 19 24 18 20 22 10 16 14 18 16 18 20 17 9 21 27 23 17 17 9 19 9 16 14 13 19 19 19 18 11 15 7 16 15 9 17 18 15 14 29 16 11 17 12 10 18 16 18 14 7 9 17 15 5 10 6 3 4 7 4 5 7 6 2 11 7 9 5 16 7 12 13 10 8 22 5 5 1 3 1 4 6 2 2 7 11 2 4 5 3 2 5 2
3 1 8000001
3 2 7999933 68
4 1 8000001
4 2 7999918 83
5 1 8000001
5 2 7999918 83
time: 2900000000
1 1 9000001
1 2 8999982 19
2 1 9000001
2 2 8984829 123 72 48 48 57 51 47 58 53 68 67 46 45 55 52 57 59 62 60 65 72 60 55 66 72 72 56 75 66 80 69 71 66 74 67 57 80 100 65 62 71 72 62 82 52 72 69 57 56 88 56 81 68 78 78 65 70 66 92 86 63 78 62 70 83 70 72 66 59 67 71 61 69 73 59 66 64 60 58 83 86 98 64 86 80 90 87 75 85 76 79 89 81 78 78 85 80 69 84 94 77 99 77 103 110 74 83 77 82 95 77 94 88 64 79 95 99 70 82 63 70 62 67 68 76 70 73 87 66 64 86 80 84 86 78 83 67 68 56 51 72 75 64 66 69 59 57 53 64 58 55 64 64 55 37 50 64 45 42 54 43 51 47 42 35 43 47 45 38 33 37 40 31 30 37 43 49 39 30 33 29 30 34 45 38 39 24 34 40 29 40 27 42 36 37 44 38 41 27 28 37 38 38 63 29 27 35 33 28 34 27 26 34 26 33 44 42 27 21 27 24 23 25 23 22 12 15 21 29 23 21 26 18 29 15 20 27 16 20 30 28 15 16 23 21 11 11 16 11 27 19 24 18 20 22 10 16 14 18 16 18 20 17 9 21 27 23 17 17 9 19 9 16 14 13 19 19 19 18 11 15 7 16 15 9 17 18 15 14 29 16 11 17 12 10 18 16 18 14 7 9 17 15 5 10 6 3 4 7 4 5 7 6 2 11 7 9 5 16 7 12 13 10 8 22 5 5 1 3 1 4 6 2 2 7 11 2 4 5 3 2 5 2
3 1 9000001
3 2 8999933 68
4 1 9000001
4 2 8999918 83
5 1 9000001
5 2 8999918 83
time: 3000000000
1 1 10000001
1 2 9999982 19
2 1 10000001
2 2 9984829 123 72 48 48 57 51 47 58 53 68 67 46 45 55 52 57 59 62 60 65 72 60 55 66 72 72 56 75 66 80 69 71 66 74 67 57 80 100 65 62 71 72 62 82 52 72 69 57 56 88 56 81 68 78 78 65 70 66 92 86 63 78 62 70 83 70 72 66 59 67 71 61 69 73 59 66 64 60 58 83 86 98 64 86 80 90 87 75 85 76 79 89 81 78 78 85 80 69 84 94 77 99 77 103 110 74 83 77 82 95 77 94 88 64 79 95 99 70 82 63 70 62 67 68 76 70 73 87 66 64 86 80 84 86 78 83 67 68 56 51 72 75 64 66 69 59 57 53 64 58 55 64 64 55 37 50 64 45 42 54 43 51 47 42 35 43 47 45 38 33 37 40 31 30 37 43 49 39 30 33 29 30 34 45 38 39 24 34 40 29 40 27 42 36 37 44 38 41 27 28 37 38 38 63 29 27 35 33 28 34 27 26 34 26 33 44 42 27 21 27 24 23 25 23 22 12 15 21 29 23 21 26 18 29 15 20 27 16 20 30 28 15 16 23 21 11 11 16 11 27 19 24 18 20 22 10 16 14 18 16 18 20 17 9 21 27 23 17 17 9 19 9 16 14 13 19 19 19 18 11 15 7 16 15 9 17 18 15 14 29 16 11 17 12 10 18 16 18 14 7 9 17 15 5 10 6 3 4 7 4 5 7 6 2 11 7 9 5 16 7 12 13 10 8 22 5 5 1 3 1 4 6 2 2 7 11 2 4 5 3 2 5 2
3 1 10000001
3 2 9999933 68
4 1 10000001
4 2 9999918 83
5 1 10000001
5 2 9999918 83
