time: 2000000000
1 1 1
1 2 1
2 1 1
2 2 1
3 1 1
3 2 1
4 1 1
4 2 1
5 1 1
5 2 1
time: 2100000000
1 1 1000001
1 2 999749 252
2 1 1000001
2 2 999782 219
3 1 1000001
3 2 999806 195
4 1 1000001
4 2 999793 208
5 1 1000001
5 2 999796 205
time: 2200000000
1 1 2000001
1 2 1999749 252
2 1 2000001
2 2 1999782 219
3 1 2000001
3 2 1999806 195
4 1 2000001
4 2 1999793 208
5 1 2000001
5 2 1999796 205
time: 2300000000
1 1 3000001
1 2 2999749 252
2 1 3000001
2 2 2999782 219
3 1 3000001
3 2 2999806 195
4 1 3000001
4 2 2999793 208
5 1 3000001
5 2 2999796 205
time: 2400000000
1 1 4000001
1 2 3999749 252
2 1 4000001
2 2 3999782 219
3 1 4000001
3 2 3999806 195
4 1 4000001
4 2 3999793 208
5 1 4000001
5 2 3999796 205
time: 2500000000
1 1 5000001
1 2 4999749 252
2 1 5000001
2 2 4999782 219
3 1 5000001
3 2 4999806 195
4 1 5000001
4 2 4999793 208
5 1 5000001
5 2 4999796 205
time: 2600000000
1 1 6000001
1 2 5999749 252
2 1 6000001
2 2 5999782 219
3 1 6000001
3 2 5999806 195
4 1 6000001
4 2 5999793 208
5 1 6000001
5 2 5999796 205
time: 2700000000
1 1 7000001
1 2 6999749 252
2 1 7000001
2 2 6999782 219
3 1 7000001
3 2 6999806 195
4 1 7000001
4 2 6999793 208
5 1 7000001
5 2 6999796 205
time: 2800000000
1 1 8000001
1 2 7999749 252
2 1 8000001
2 2 7999782 219
3 1 8000001
3 2 7999806 195
4 1 8000001
4 2 7999793 208
5 1 8000001
5 2 7999796 205
time: 2900000000
1 1 9000001
1 2 8999749 252
2 1 9000001
2 2 8999782 219
3 1 9000001
3 2 8999806 195
4 1 9000001
4 2 8999793 208
5 1 9000001
5 2 8999796 205
time: 3000000000
1 1 10000001
1 2 9999749 252
2 1 10000001
2 2 9999782 219
3 1 10000001
3 2 9999806 195
4 1 10000001
4 2 9999793 208
5 1 10000001
5 2 9999796 205
