time: 2000000000
1 1 1
1 2 1
2 1 1
2 2 1
3 1 1
3 2 1
4 1 1
4 2 1
5 1 1
5 2 1
time: 2100000000
1 1 1000001
1 2 992626 7375
2 1 1000001
2 2 992631 7370
3 1 1000001
3 2 992640 7361
4 1 1000001
4 2 992654 7347
5 1 1000001
5 2 992663 7338
time: 2200000000
1 1 2000001
1 2 1992626 7375
2 1 2000001
2 2 1992631 7370
3 1 2000001
3 2 1992640 7361
4 1 2000001
4 2 1992653 7348
5 1 2000001
5 2 1992662 7339
time: 2300000000
1 1 3000001
1 2 2992626 7375
2 1 3000001
2 2 2992631 7370
3 1 3000001
3 2 2992640 7361
4 1 3000001
4 2 2992653 7348
5 1 3000001
5 2 2992662 7339
time: 2400000000
1 1 4000001
1 2 3992626 7375
2 1 4000001
2 2 3992631 7370
3 1 4000001
3 2 3992640 7361
4 1 4000001
4 2 3992653 7348
5 1 4000001
5 2 3992662 7339
time: 2500000000
1 1 5000001
1 2 4992626 7375
2 1 5000001
2 2 4992631 7370
3 1 5000001
3 2 4992640 7361
4 1 5000001
4 2 4992653 7348
5 1 5000001
5 2 4992662 7339
time: 2600000000
1 1 6000001
1 2 5992626 7375
2 1 6000001
2 2 5992631 7370
3 1 6000001
3 2 5992640 7361
4 1 6000001
4 2 5992653 7348
5 1 6000001
5 2 5992662 7339
time: 2700000000
1 1 7000001
1 2 6992626 7375
2 1 7000001
2 2 6992631 7370
3 1 7000001
3 2 6992640 7361
4 1 7000001
4 2 6992653 7348
5 1 7000001
5 2 6992662 7339
time: 2800000000
1 1 8000001
1 2 7992626 7375
2 1 8000001
2 2 7992631 7370
3 1 8000001
3 2 7992640 7361
4 1 8000001
4 2 7992653 7348
5 1 8000001
5 2 7992662 7339
time: 2900000000
1 1 9000001
1 2 8992626 7375
2 1 9000001
2 2 8992631 7370
3 1 9000001
3 2 8992640 7361
4 1 9000001
4 2 8992653 7348
5 1 9000001
5 2 8992662 7339
time: 3000000000
1 1 10000001
1 2 9992626 7375
2 1 10000001
2 2 9992631 7370
3 1 10000001
3 2 9992640 7361
4 1 10000001
4 2 9992653 7348
5 1 10000001
5 2 9992662 7339
