time: 2000000000
1 1 1
1 2 1
2 1 1
2 2 1
3 1 1
3 2 1
4 1 1
4 2 1
5 1 1
5 2 1
time: 2100000000
1 1 1000001
1 2 546033 82697 57816 49540 37078 25272 18069 19596 14890 13648 13504 10168 12674 10759 8405 4152 7615 7491 4551 1392 3645 3354 3082 5357 6493 3538 2025 4351 4031 1574 739 980 684 1719 1103 3537 1154 549 714 215 304 399 130 309 1306 2241 286 801 31
2 1 1000001
2 2 990793 9208
3 1 1000001
3 2 992740 7261
4 1 1000001
4 2 992728 7273
5 1 1000001
5 2 992712 7289
time: 2200000000
1 1 2000001
1 2 1546033 82697 57816 49540 37078 25272 18069 19596 14890 13648 13504 10168 12674 10759 8405 4152 7615 7491 4551 1392 3645 3354 3082 5357 6493 3538 2025 4351 4031 1574 739 980 684 1719 1103 3537 1154 549 714 215 304 399 130 309 1306 2241 286 801 31
2 1 2000001
2 2 1990793 9208
3 1 2000001
3 2 1992740 7261
4 1 2000001
4 2 1992728 7273
5 1 2000001
5 2 1992712 7289
time: 2300000000
1 1 3000001
1 2 2546033 82697 57816 49540 37078 25272 18069 19596 14890 13648 13504 10168 12674 10759 8405 4152 7615 7491 4551 1392 3645 3354 3082 5357 6493 3538 2025 4351 4031 1574 739 980 684 1719 1103 3537 1154 549 714 215 304 399 130 309 1306 2241 286 801 31
2 1 3000001
2 2 2990793 9208
3 1 3000001
3 2 2992740 7261
4 1 3000001
4 2 2992728 7273
5 1 3000001
5 2 2992712 7289
time: 2400000000
1 1 4000001
1 2 3546033 82697 57816 49540 37078 25272 18069 19596 14890 13648 13504 10168 12674 10759 8405 4152 7615 7491 4551 1392 3645 3354 3082 5357 6493 3538 2025 4351 4031 1574 739 980 684 1719 1103 3537 1154 549 714 215 304 399 130 309 1306 2241 286 801 31
2 1 4000001
2 2 3990793 9208
3 1 4000001
3 2 3992740 7261
4 1 4000001
4 2 3992728 7273
5 1 4000001
5 2 3992712 7289
time: 2500000000
1 1 5000001
1 2 4546033 82697 57816 49540 37078 25272 18069 19596 14890 13648 13504 10168 12674 10759 8405 4152 7615 7491 4551 1392 3645 3354 3082 5357 6493 3538 2025 4351 4031 1574 739 980 684 1719 1103 3537 1154 549 714 215 304 399 130 309 1306 2241 286 801 31
2 1 5000001
2 2 4990793 9208
3 1 5000001
3 2 4992740 7261
4 1 5000001
4 2 4992728 7273
5 1 5000001
5 2 4992712 7289
time: 2600000000
1 1 6000001
1 2 5546033 82697 57816 49540 37078 25272 18069 19596 14890 13648 13504 10168 12674 10759 8405 4152 7615 7491 4551 1392 3645 3354 3082 5357 6493 3538 2025 4351 4031 1574 739 980 684 1719 1103 3537 1154 549 714 215 304 399 130 309 1306 2241 286 801 31
2 1 6000001
2 2 5990793 9208
3 1 6000001
3 2 5992740 7261
4 1 6000001
4 2 5992728 7273
5 1 6000001
5 2 5992712 7289
time: 2700000000
1 1 7000001
1 2 6546033 82697 57816 49540 37078 25272 18069 19596 14890 13648 13504 10168 12674 10759 8405 4152 7615 7491 4551 1392 3645 3354 3082 5357 6493 3538 2025 4351 4031 1574 739 980 684 1719 1103 3537 1154 549 714 215 304 399 130 309 1306 2241 286 801 31
2 1 7000001
2 2 6990793 9208
3 1 7000001
3 2 6992740 7261
4 1 7000001
4 2 6992728 7273
5 1 7000001
5 2 6992712 7289
time: 2800000000
1 1 8000001
1 2 7546033 82697 57816 49540 37078 25272 18069 19596 14890 13648 13504 10168 12674 10759 8405 4152 7615 7491 4551 1392 3645 3354 3082 5357 6493 3538 2025 4351 4031 1574 739 980 684 1719 1103 3537 1154 549 714 215 304 399 130 309 1306 2241 286 801 31
2 1 8000001
2 2 7990793 9208
3 1 8000001
3 2 7992740 7261
4 1 8000001
4 2 7992728 7273
5 1 8000001
5 2 7992712 7289
time: 2900000000
1 1 9000001
1 2 8546033 82697 57816 49540 37078 25272 18069 19596 14890 13648 13504 10168 12674 10759 8405 4152 7615 7491 4551 1392 3645 3354 3082 5357 6493 3538 2025 4351 4031 1574 739 980 684 1719 1103 3537 1154 549 714 215 304 399 130 309 1306 2241 286 801 31
2 1 9000001
2 2 8990793 9208
3 1 9000001
3 2 8992740 7261
4 1 9000001
4 2 8992728 7273
5 1 9000001
5 2 8992712 7289
time: 3000000000
1 1 10000001
1 2 9546033 82697 57816 49540 37078 25272 18069 19596 14890 13648 13504 10168 12674 10759 8405 4152 7615 7491 4551 1392 3645 3354 3082 5357 6493 3538 2025 4351 4031 1574 739 980 684 1719 1103 3537 1154 549 714 215 304 399 130 309 1306 2241 286 801 31
2 1 10000001
2 2 9990793 9208
3 1 10000001
3 2 9992740 7261
4 1 10000001
4 2 9992728 7273
5 1 10000001
5 2 9992712 7289
