time: 2000000000
1 1 1
1 2 1
2 1 1
2 2 1
3 1 1
3 2 1
4 1 1
4 2 1
5 1 1
5 2 1
time: 2100000000
1 1 1000001
1 2 999995 6
2 1 1000001
2 2 999971 25 5
3 1 1000001
3 2 999998 3
4 1 1000001
4 2 999999 2
5 1 1000001
5 2 999992 9
time: 2200000000
1 1 2000001
1 2 1999995 6
2 1 2000001
2 2 1999971 25 5
3 1 2000001
3 2 1999998 3
4 1 2000001
4 2 1999999 2
5 1 2000001
5 2 1999992 9
time: 2300000000
1 1 3000001
1 2 2999995 6
2 1 3000001
2 2 2999971 25 5
3 1 3000001
3 2 2999998 3
4 1 3000001
4 2 2999999 2
5 1 3000001
5 2 2999992 9
time: 2400000000
1 1 4000001
1 2 3999995 6
2 1 4000001
2 2 3999971 25 5
3 1 4000001
3 2 3999998 3
4 1 4000001
4 2 3999999 2
5 1 4000001
5 2 3999992 9
time: 2500000000
1 1 5000001
1 2 4999995 6
2 1 5000001
2 2 4999971 25 5
3 1 5000001
3 2 4999998 3
4 1 5000001
4 2 4999999 2
5 1 5000001
5 2 4999992 9
time: 2600000000
1 1 6000001
1 2 5999995 6
2 1 6000001
2 2 5999971 25 5
3 1 6000001
3 2 5999998 3
4 1 6000001
4 2 5999999 2
5 1 6000001
5 2 5999992 9
time: 2700000000
1 1 7000001
1 2 6999995 6
2 1 7000001
2 2 6999971 25 5
3 1 7000001
3 2 6999998 3
4 1 7000001
4 2 6999999 2
5 1 7000001
5 2 6999992 9
time: 2800000000
1 1 8000001
1 2 7999995 6
2 1 8000001
2 2 7999971 25 5
3 1 8000001
3 2 7999998 3
4 1 8000001
4 2 7999999 2
5 1 8000001
5 2 7999992 9
time: 2900000000
1 1 9000001
1 2 8999995 6
2 1 9000001
2 2 8999971 25 5
3 1 9000001
3 2 8999998 3
4 1 9000001
4 2 8999999 2
5 1 9000001
5 2 8999992 9
time: 3000000000
1 1 10000001
1 2 9999995 6
2 1 10000001
2 2 9999971 25 5
3 1 10000001
3 2 9999998 3
4 1 10000001
4 2 9999999 2
5 1 10000001
5 2 9999992 9
