time: 2000000000
1 1 1
1 2 1
2 1 1
2 2 1
3 1 1
3 2 1
4 1 1
4 2 1
5 1 1
5 2 1
time: 2100000000
1 1 1000001
1 2 992754 7247
2 1 1000001
2 2 992760 7241
3 1 1000001
3 2 992750 7251
4 1 1000001
4 2 992782 7219
5 1 1000001
5 2 992777 7224
time: 2200000000
1 1 2000001
1 2 1992754 7247
2 1 2000001
2 2 1992760 7241
3 1 2000001
3 2 1992750 7251
4 1 2000001
4 2 1992782 7219
5 1 2000001
5 2 1992777 7224
time: 2300000000
1 1 3000001
1 2 2992754 7247
2 1 3000001
2 2 2992760 7241
3 1 3000001
3 2 2992750 7251
4 1 3000001
4 2 2992782 7219
5 1 3000001
5 2 2992777 7224
time: 2400000000
1 1 4000001
1 2 3992754 7247
2 1 4000001
2 2 3992760 7241
3 1 4000001
3 2 3992750 7251
4 1 4000001
4 2 3992782 7219
5 1 4000001
5 2 3992777 7224
time: 2500000000
1 1 5000001
1 2 4992754 7247
2 1 5000001
2 2 4992760 7241
3 1 5000001
3 2 4992750 7251
4 1 5000001
4 2 4992782 7219
5 1 5000001
5 2 4992777 7224
time: 2600000000
1 1 6000001
1 2 5992754 7247
2 1 6000001
2 2 5992760 7241
3 1 6000001
3 2 5992750 7251
4 1 6000001
4 2 5992782 7219
5 1 6000001
5 2 5992777 7224
time: 2700000000
1 1 7000001
1 2 6992754 7247
2 1 7000001
2 2 6992760 7241
3 1 7000001
3 2 6992750 7251
4 1 7000001
4 2 6992782 7219
5 1 7000001
5 2 6992777 7224
time: 2800000000
1 1 8000001
1 2 7992754 7247
2 1 8000001
2 2 7992760 7241
3 1 8000001
3 2 7992750 7251
4 1 8000001
4 2 7992782 7219
5 1 8000001
5 2 7992777 7224
time: 2900000000
1 1 9000001
1 2 8992754 7247
2 1 9000001
2 2 8992760 7241
3 1 9000001
3 2 8992750 7251
4 1 9000001
4 2 8992782 7219
5 1 9000001
5 2 8992777 7224
time: 3000000000
1 1 10000001
1 2 9992754 7247
2 1 10000001
2 2 9992760 7241
3 1 10000001
3 2 9992750 7251
4 1 10000001
4 2 9992782 7219
5 1 10000001
5 2 9992777 7224
