time: 2000000000
1 1 1
1 2 1
2 1 1
2 2 1
3 1 1
3 2 1
4 1 1
4 2 1
5 1 1
5 2 1
time: 2100000000
1 1 1000001
1 2 996420 3581
2 1 1000001
2 2 996409 3592
3 1 1000001
3 2 996444 3557
4 1 1000001
4 2 996447 3554
5 1 1000001
5 2 996405 3596
time: 2200000000
1 1 2000001
1 2 1992865 7136
2 1 2000001
2 2 1992859 7142
3 1 2000001
3 2 1992908 7093
4 1 2000001
4 2 1992921 7080
5 1 2000001
5 2 1992885 7116
time: 2300000000
1 1 3000001
1 2 2992865 7136
2 1 3000001
2 2 2992859 7142
3 1 3000001
3 2 2992908 7093
4 1 3000001
4 2 2992921 7080
5 1 3000001
5 2 2992885 7116
time: 2400000000
1 1 4000001
1 2 3992865 7136
2 1 4000001
2 2 3992859 7142
3 1 4000001
3 2 3992908 7093
4 1 4000001
4 2 3992921 7080
5 1 4000001
5 2 3992885 7116
time: 2500000000
1 1 5000001
1 2 4992865 7136
2 1 5000001
2 2 4992859 7142
3 1 5000001
3 2 4992908 7093
4 1 5000001
4 2 4992921 7080
5 1 5000001
5 2 4992885 7116
time: 2600000000
1 1 6000001
1 2 5992865 7136
2 1 6000001
2 2 5992859 7142
3 1 6000001
3 2 5992908 7093
4 1 6000001
4 2 5992921 7080
5 1 6000001
5 2 5992885 7116
time: 2700000000
1 1 7000001
1 2 6992865 7136
2 1 7000001
2 2 6992859 7142
3 1 7000001
3 2 6992908 7093
4 1 7000001
4 2 6992921 7080
5 1 7000001
5 2 6992885 7116
time: 2800000000
1 1 8000001
1 2 7992865 7136
2 1 8000001
2 2 7992859 7142
3 1 8000001
3 2 7992908 7093
4 1 8000001
4 2 7992921 7080
5 1 8000001
5 2 7992885 7116
time: 2900000000
1 1 9000001
1 2 8992865 7136
2 1 9000001
2 2 8992859 7142
3 1 9000001
3 2 8992908 7093
4 1 9000001
4 2 8992921 7080
5 1 9000001
5 2 8992885 7116
time: 3000000000
1 1 10000001
1 2 9992865 7136
2 1 10000001
2 2 9992859 7142
3 1 10000001
3 2 9992908 7093
4 1 10000001
4 2 9992921 7080
5 1 10000001
5 2 9992885 7116
