time: 2000000000
1 1 1
1 2 1
2 1 1
2 2 1
3 1 1
3 2 1
4 1 1
4 2 1
5 1 1
5 2 1
time: 2100000000
1 1 1000001
1 2 996970 3010 21
2 1 1000001
2 2 998718 1283
3 1 1000001
3 2 998717 1284
4 1 1000001
4 2 998729 1272
5 1 1000001
5 2 998732 1269
time: 2200000000
1 1 2000001
1 2 1994092 5871 38
2 1 2000001
2 2 1997486 2515
3 1 2000001
3 2 1997491 2510
4 1 2000001
4 2 1997525 2476
5 1 2000001
5 2 1997546 2455
time: 2300000000
1 1 3000001
1 2 2991035 8894 72
2 1 3000001
2 2 2996308 3693
3 1 3000001
3 2 2996338 3663
4 1 3000001
4 2 2996384 3617
5 1 3000001
5 2 2996382 3619
time: 2400000000
1 1 4000001
1 2 3988405 11494 102
2 1 4000001
2 2 3995140 4861
3 1 4000001
3 2 3995180 4821
4 1 4000001
4 2 3995240 4761
5 1 4000001
5 2 3995246 4755
time: 2500000000
1 1 5000001
1 2 4985786 14101 114
2 1 5000001
2 2 4993908 6093
3 1 5000001
3 2 4993960 6041
4 1 5000001
4 2 4994016 5985
5 1 5000001
5 2 4994004 5997
time: 2600000000
1 1 6000001
1 2 5983198 16672 131
2 1 6000001
2 2 5992802 7199
3 1 6000001
3 2 5992840 7161
4 1 6000001
4 2 5992890 7111
5 1 6000001
5 2 5992865 7136
time: 2700000000
1 1 7000001
1 2 6983198 16672 131
2 1 7000001
2 2 6992802 7199
3 1 7000001
3 2 6992840 7161
4 1 7000001
4 2 6992890 7111
5 1 7000001
5 2 6992865 7136
time: 2800000000
1 1 8000001
1 2 7983198 16672 131
2 1 8000001
2 2 7992802 7199
3 1 8000001
3 2 7992840 7161
4 1 8000001
4 2 7992890 7111
5 1 8000001
5 2 7992865 7136
time: 2900000000
1 1 9000001
1 2 8983198 16672 131
2 1 9000001
2 2 8992802 7199
3 1 9000001
3 2 8992840 7161
4 1 9000001
4 2 8992890 7111
5 1 9000001
5 2 8992865 7136
time: 3000000000
1 1 10000001
1 2 9983198 16672 131
2 1 10000001
2 2 9992802 7199
3 1 10000001
3 2 9992840 7161
4 1 10000001
4 2 9992890 7111
5 1 10000001
5 2 9992865 7136
