time: 2000000000
1 1 1
1 2 1
2 1 1
2 2 1
3 1 1
3 2 1
4 1 1
4 2 1
5 1 1
5 2 1
time: 2100000000
1 1 1000001
1 2 996438 3563
2 1 1000001
2 2 996426 3575
3 1 1000001
3 2 996459 3542
4 1 1000001
4 2 996454 3547
5 1 1000001
5 2 996408 3593
time: 2200000000
1 1 2000001
1 2 1992844 7157
2 1 2000001
2 2 1992840 7161
3 1 2000001
3 2 1992887 7114
4 1 2000001
4 2 1992886 7115
5 1 2000001
5 2 1992841 7160
time: 2300000000
1 1 3000001
1 2 2992844 7157
2 1 3000001
2 2 2992840 7161
3 1 3000001
3 2 2992887 7114
4 1 3000001
4 2 2992886 7115
5 1 3000001
5 2 2992841 7160
time: 2400000000
1 1 4000001
1 2 3992844 7157
2 1 4000001
2 2 3992840 7161
3 1 4000001
3 2 3992887 7114
4 1 4000001
4 2 3992886 7115
5 1 4000001
5 2 3992841 7160
time: 2500000000
1 1 5000001
1 2 4992844 7157
2 1 5000001
2 2 4992840 7161
3 1 5000001
3 2 4992887 7114
4 1 5000001
4 2 4992886 7115
5 1 5000001
5 2 4992841 7160
time: 2600000000
1 1 6000001
1 2 5992844 7157
2 1 6000001
2 2 5992840 7161
3 1 6000001
3 2 5992887 7114
4 1 6000001
4 2 5992886 7115
5 1 6000001
5 2 5992841 7160
time: 2700000000
1 1 7000001
1 2 6992844 7157
2 1 7000001
2 2 6992840 7161
3 1 7000001
3 2 6992887 7114
4 1 7000001
4 2 6992886 7115
5 1 7000001
5 2 6992841 7160
time: 2800000000
1 1 8000001
1 2 7992844 7157
2 1 8000001
2 2 7992840 7161
3 1 8000001
3 2 7992887 7114
4 1 8000001
4 2 7992886 7115
5 1 8000001
5 2 7992841 7160
time: 2900000000
1 1 9000001
1 2 8992844 7157
2 1 9000001
2 2 8992840 7161
3 1 9000001
3 2 8992887 7114
4 1 9000001
4 2 8992886 7115
5 1 9000001
5 2 8992841 7160
time: 3000000000
1 1 10000001
1 2 9992844 7157
2 1 10000001
2 2 9992840 7161
3 1 10000001
3 2 9992887 7114
4 1 10000001
4 2 9992886 7115
5 1 10000001
5 2 9992841 7160
