time: 2000000000
1 1 1
1 2 1
2 1 1
2 2 1
3 1 1
3 2 1
4 1 1
4 2 1
5 1 1
5 2 1
time: 2100000000
1 1 1000001
1 2 998717 1284
2 1 1000001
2 2 998720 1281
3 1 1000001
3 2 998719 1282
4 1 1000001
4 2 998730 1271
5 1 1000001
5 2 998729 1272
time: 2200000000
1 1 2000001
1 2 1997506 2495
2 1 2000001
2 2 1997498 2503
3 1 2000001
3 2 1997496 2505
4 1 2000001
4 2 1997530 2471
5 1 2000001
5 2 1997549 2452
time: 2300000000
1 1 3000001
1 2 2996317 3684
2 1 3000001
2 2 2996320 3681
3 1 3000001
3 2 2996339 3662
4 1 3000001
4 2 2996387 3614
5 1 3000001
5 2 2996389 3612
time: 2400000000
1 1 4000001
1 2 3995156 4845
2 1 4000001
2 2 3995152 4849
3 1 4000001
3 2 3995176 4825
4 1 4000001
4 2 3995244 4757
5 1 4000001
5 2 3995258 4743
time: 2500000000
1 1 5000001
1 2 4993904 6097
2 1 5000001
2 2 4993915 6086
3 1 5000001
3 2 4993954 6047
4 1 5000001
4 2 4994011 5990
5 1 5000001
5 2 4994009 5992
time: 2600000000
1 1 6000001
1 2 5992798 7203
2 1 6000001
2 2 5992809 7192
3 1 6000001
3 2 5992832 7169
4 1 6000001
4 2 5992883 7118
5 1 6000001
5 2 5992867 7134
time: 2700000000
1 1 7000001
1 2 6992798 7203
2 1 7000001
2 2 6992809 7192
3 1 7000001
3 2 6992832 7169
4 1 7000001
4 2 6992883 7118
5 1 7000001
5 2 6992867 7134
time: 2800000000
1 1 8000001
1 2 7992798 7203
2 1 8000001
2 2 7992809 7192
3 1 8000001
3 2 7992832 7169
4 1 8000001
4 2 7992883 7118
5 1 8000001
5 2 7992867 7134
time: 2900000000
1 1 9000001
1 2 8992798 7203
2 1 9000001
2 2 8992809 7192
3 1 9000001
3 2 8992832 7169
4 1 9000001
4 2 8992883 7118
5 1 9000001
5 2 8992867 7134
time: 3000000000
1 1 10000001
1 2 9992798 7203
2 1 10000001
2 2 9992809 7192
3 1 10000001
3 2 9992832 7169
4 1 10000001
4 2 9992883 7118
5 1 10000001
5 2 9992867 7134
