time: 2000000000
1 1 1
1 2 1
2 1 1
2 2 1
3 1 1
3 2 1
4 1 1
4 2 1
5 1 1
5 2 1
time: 2100000000
1 1 1000001
1 2 999995 6
2 1 1000001
2 2 989592 332 308 354 328 294 322 277 307 305 343 256 257 273 242 234 202 204 210 224 189 197 207 186 145 162 184 178 139 166 155 157 134 141 158 111 121 114 114 129 118 120 98 87 66 63 79 78 67 62 63 52 48 61 38 47 43 43 56 40 42 28 41 38 20 20 35 27 24 16 32 25 20 25 30 14 21 13 18 26 11 14 18 9 10 10 16 13 11 11 9 7 10 8 8 5 7 4 11 8 6
3 1 1000001
3 2 999991 10
4 1 1000001
4 2 999992 9
5 1 1000001
5 2 999983 18
time: 2200000000
1 1 2000001
1 2 1999995 6
2 1 2000001
2 2 1989592 332 308 354 328 294 322 277 307 305 343 256 257 273 242 234 202 204 210 224 189 197 207 186 145 162 184 178 139 166 155 157 134 141 158 111 121 114 114 129 118 120 98 87 66 63 79 78 67 62 63 52 48 61 38 47 43 43 56 40 42 28 41 38 20 20 35 27 24 16 32 25 20 25 30 14 21 13 18 26 11 14 18 9 10 10 16 13 11 11 9 7 10 8 8 5 7 4 11 8 6
3 1 2000001
3 2 1999991 10
4 1 2000001
4 2 1999992 9
5 1 2000001
5 2 1999983 18
time: 2300000000
1 1 3000001
1 2 2999995 6
2 1 3000001
2 2 2989592 332 308 354 328 294 322 277 307 305 343 256 257 273 242 234 202 204 210 224 189 197 207 186 145 162 184 178 139 166 155 157 134 141 158 111 121 114 114 129 118 120 98 87 66 63 79 78 67 62 63 52 48 61 38 47 43 43 56 40 42 28 41 38 20 20 35 27 24 16 32 25 20 25 30 14 21 13 18 26 11 14 18 9 10 10 16 13 11 11 9 7 10 8 8 5 7 4 11 8 6
3 1 3000001
3 2 2999991 10
4 1 3000001
4 2 2999992 9
5 1 3000001
5 2 2999983 18
time: 2400000000
1 1 4000001
1 2 3999995 6
2 1 4000001
2 2 3989592 332 308 354 328 294 322 277 307 305 343 256 257 273 242 234 202 204 210 224 189 197 207 186 145 162 184 178 139 166 155 157 134 141 158 111 121 114 114 129 118 120 98 87 66 63 79 78 67 62 63 52 48 61 38 47 43 43 56 40 42 28 41 38 20 20 35 27 24 16 32 25 20 25 30 14 21 13 18 26 11 14 18 9 10 10 16 13 11 11 9 7 10 8 8 5 7 4 11 8 6
3 1 4000001
3 2 3999991 10
4 1 4000001
4 2 3999992 9
5 1 4000001
5 2 3999983 18
time: 2500000000
1 1 5000001
1 2 4999995 6
2 1 5000001
2 2 4989592 332 308 354 328 294 322 277 307 305 343 256 257 273 242 234 202 204 210 224 189 197 207 186 145 162 184 178 139 166 155 157 134 141 158 111 121 114 114 129 118 120 98 87 66 63 79 78 67 62 63 52 48 61 38 47 43 43 56 40 42 28 41 38 20 20 35 27 24 16 32 25 20 25 30 14 21 13 18 26 11 14 18 9 10 10 16 13 11 11 9 7 10 8 8 5 7 4 11 8 6
3 1 5000001
3 2 4999991 10
4 1 5000001
4 2 4999992 9
5 1 5000001
5 2 4999983 18
time: 2600000000
1 1 6000001
1 2 5999995 6
2 1 6000001
2 2 5989592 332 308 354 328 294 322 277 307 305 343 256 257 273 242 234 202 204 210 224 189 197 207 186 145 162 184 178 139 166 155 157 134 141 158 111 121 114 114 129 118 120 98 87 66 63 79 78 67 62 63 52 48 61 38 47 43 43 56 40 42 28 41 38 20 20 35 27 24 16 32 25 20 25 30 14 21 13 18 26 11 14 18 9 10 10 16 13 11 11 9 7 10 8 8 5 7 4 11 8 6
3 1 6000001
3 2 5999991 10
4 1 6000001
4 2 5999992 9
5 1 6000001
5 2 5999983 18
time: 2700000000
1 1 7000001
1 2 6999995 6
2 1 7000001
2 2 6989592 332 308 354 328 294 322 277 307 305 343 256 257 273 242 234 202 204 210 224 189 197 207 186 145 162 184 178 139 166 155 157 134 141 158 111 121 114 114 129 118 120 98 87 66 63 79 78 67 62 63 52 48 61 38 47 43 43 56 40 42 28 41 38 20 20 35 27 24 16 32 25 20 25 30 14 21 13 18 26 11 14 18 9 10 10 16 13 11 11 9 7 10 8 8 5 7 4 11 8 6
3 1 7000001
3 2 6999991 10
4 1 7000001
4 2 6999992 9
5 1 7000001
5 2 6999983 18
time: 2800000000
1 1 8000001
1 2 7999995 6
2 1 8000001
2 2 7989592 332 308 354 328 294 322 277 307 305 343 256 257 273 242 234 202 204 210 224 189 197 207 186 145 162 184 178 139 166 155 157 134 141 158 111 121 114 114 129 118 120 98 87 66 63 79 78 67 62 63 52 48 61 38 47 43 43 56 40 42 28 41 38 20 20 35 27 24 16 32 25 20 25 30 14 21 13 18 26 11 14 18 9 10 10 16 13 11 11 9 7 10 8 8 5 7 4 11 8 6
3 1 8000001
3 2 7999991 10
4 1 8000001
4 2 7999992 9
5 1 8000001
5 2 7999983 18
time: 2900000000
1 1 9000001
1 2 8999995 6
2 1 9000001
2 2 8989592 332 308 354 328 294 322 277 307 305 343 256 257 273 242 234 202 204 210 224 189 197 207 186 145 162 184 178 139 166 155 157 134 141 158 111 121 114 114 129 118 120 98 87 66 63 79 78 67 62 63 52 48 61 38 47 43 43 56 40 42 28 41 38 20 20 35 27 24 16 32 25 20 25 30 14 21 13 18 26 11 14 18 9 10 10 16 13 11 11 9 7 10 8 8 5 7 4 11 8 6
3 1 9000001
3 2 8999991 10
4 1 9000001
4 2 8999992 9
5 1 9000001
5 2 8999983 18
time: 3000000000
1 1 10000001
1 2 9999995 6
2 1 10000001
2 2 9989592 332 308 354 328 294 322 277 307 305 343 256 257 273 242 234 202 204 210 224 189 197 207 186 145 162 184 178 139 166 155 157 134 141 158 111 121 114 114 129 118 120 98 87 66 63 79 78 67 62 63 52 48 61 38 47 43 43 56 40 42 28 41 38 20 20 35 27 24 16 32 25 20 25 30 14 21 13 18 26 11 14 18 9 10 10 16 13 11 11 9 7 10 8 8 5 7 4 11 8 6
3 1 10000001
3 2 9999991 10
4 1 10000001
4 2 9999992 9
5 1 10000001
5 2 9999983 18
