time: 2000000000
1 1 1
1 2 1
2 1 1
2 2 1
3 1 1
3 2 1
4 1 1
4 2 1
5 1 1
5 2 1
time: 2100000000
1 1 1000001
1 2 996468 3533
2 1 1000001
2 2 967553 4181 2763 747 351 332 257 520 393 385 366 305 597 389 398 369 421 330 402 227 506 460 262 240 420 1052 397 492 381 739 241 268 379 208 172 227 218 343 244 271 230 422 231 278 285 268 197 195 290 259 367 406 335 128 329 241 210 151 215 145 196 143 133 107 142 195 137 198 90 134 128 84 132 49 149 163 148 186 99 206 158 124 62 96 51 87 130 73 54 59 44 46 54 45 45 58 53 76 40 103 58 88 86 51 60 39 39 74 51 48 41 20 65 23 82 47 56 19 45 12 17 16 32 25 86 10 6 26 13 9 49 23 6 8 6 7 6 5 4 34 29 6 4 3 6 5 12 31 44 4 3 3 16 12 3 4 3 2 3 3 3 4 3 3 4 4 2 3 3 3 3 4 3 4 4 2 20 7 13 4 1 4 4 2 2 1 1 2 2 2 2 0 2 2 25
3 1 1000001
3 2 996524 3477
4 1 1000001
4 2 996606 3395
5 1 1000001
5 2 996579 3422
time: 2200000000
1 1 2000001
1 2 1992940 7061
2 1 2000001
2 2 1937477 8102 5170 1203 759 763 527 853 701 712 857 413 1015 907 635 659 714 754 915 486 784 828 512 464 656 1907 746 922 665 991 634 535 733 479 351 493 468 597 565 488 567 673 522 566 556 427 494 489 606 452 564 969 480 206 474 423 471 355 396 316 314 282 244 266 278 470 315 320 343 248 269 272 308 99 320 236 205 313 161 357 255 266 144 194 91 155 195 142 108 113 143 129 152 112 104 85 87 125 87 162 112 136 115 139 132 69 105 109 139 104 64 56 178 62 114 109 75 45 103 103 111 60 91 49 129 44 31 42 28 28 81 36 58 40 15 46 35 18 10 45 41 17 17 17 22 39 19 41 53 23 22 10 26 36 24 24 13 6 10 27 18 61 12 9 13 10 14 32 10 16 32 34 21 24 8 8 27 15 21 7 3 7 7 5 5 6 3 4 3 4 3 2 4 4 26 2 1 2 2 1 2 1 1 2 2 1 2 2 27 7
3 1 2000001
3 2 1993065 6936
4 1 2000001
4 2 1993194 6807
5 1 2000001
5 2 1993171 6830
time: 2300000000
1 1 3000001
1 2 2992940 7061
2 1 3000001
2 2 2937477 8102 5170 1203 759 763 527 853 701 712 857 413 1015 907 635 659 714 754 915 486 784 828 512 464 656 1907 746 922 665 991 634 535 733 479 351 493 468 597 565 488 567 673 522 566 556 427 494 489 606 452 564 969 480 206 474 423 471 355 396 316 314 282 244 266 278 470 315 320 343 248 269 272 308 99 320 236 205 313 161 357 255 266 144 194 91 155 195 142 108 113 143 129 152 112 104 85 87 125 87 162 112 136 115 139 132 69 105 109 139 104 64 56 178 62 114 109 75 45 103 103 111 60 91 49 129 44 31 42 28 28 81 36 58 40 15 46 35 18 10 45 41 17 17 17 22 39 19 41 53 23 22 10 26 36 24 24 13 6 10 27 18 61 12 9 13 10 14 32 10 16 32 34 21 24 8 8 27 15 21 7 3 7 7 5 5 6 3 4 3 4 3 2 4 4 26 2 1 2 2 1 2 1 1 2 2 1 2 2 27 7
3 1 3000001
3 2 2993065 6936
4 1 3000001
4 2 2993194 6807
5 1 3000001
5 2 2993171 6830
time: 2400000000
1 1 4000001
1 2 3992940 7061
2 1 4000001
2 2 3937477 8102 5170 1203 759 763 527 853 701 712 857 413 1015 907 635 659 714 754 915 486 784 828 512 464 656 1907 746 922 665 991 634 535 733 479 351 493 468 597 565 488 567 673 522 566 556 427 494 489 606 452 564 969 480 206 474 423 471 355 396 316 314 282 244 266 278 470 315 320 343 248 269 272 308 99 320 236 205 313 161 357 255 266 144 194 91 155 195 142 108 113 143 129 152 112 104 85 87 125 87 162 112 136 115 139 132 69 105 109 139 104 64 56 178 62 114 109 75 45 103 103 111 60 91 49 129 44 31 42 28 28 81 36 58 40 15 46 35 18 10 45 41 17 17 17 22 39 19 41 53 23 22 10 26 36 24 24 13 6 10 27 18 61 12 9 13 10 14 32 10 16 32 34 21 24 8 8 27 15 21 7 3 7 7 5 5 6 3 4 3 4 3 2 4 4 26 2 1 2 2 1 2 1 1 2 2 1 2 2 27 7
3 1 4000001
3 2 3993065 6936
4 1 4000001
4 2 3993194 6807
5 1 4000001
5 2 3993171 6830
time: 2500000000
1 1 5000001
1 2 4992940 7061
2 1 5000001
2 2 4937477 8102 5170 1203 759 763 527 853 701 712 857 413 1015 907 635 659 714 754 915 486 784 828 512 464 656 1907 746 922 665 991 634 535 733 479 351 493 468 597 565 488 567 673 522 566 556 427 494 489 606 452 564 969 480 206 474 423 471 355 396 316 314 282 244 266 278 470 315 320 343 248 269 272 308 99 320 236 205 313 161 357 255 266 144 194 91 155 195 142 108 113 143 129 152 112 104 85 87 125 87 162 112 136 115 139 132 69 105 109 139 104 64 56 178 62 114 109 75 45 103 103 111 60 91 49 129 44 31 42 28 28 81 36 58 40 15 46 35 18 10 45 41 17 17 17 22 39 19 41 53 23 22 10 26 36 24 24 13 6 10 27 18 61 12 9 13 10 14 32 10 16 32 34 21 24 8 8 27 15 21 7 3 7 7 5 5 6 3 4 3 4 3 2 4 4 26 2 1 2 2 1 2 1 1 2 2 1 2 2 27 7
3 1 5000001
3 2 4993065 6936
4 1 5000001
4 2 4993194 6807
5 1 5000001
5 2 4993171 6830
time: 2600000000
1 1 6000001
1 2 5992940 7061
2 1 6000001
2 2 5937477 8102 5170 1203 759 763 527 853 701 712 857 413 1015 907 635 659 714 754 915 486 784 828 512 464 656 1907 746 922 665 991 634 535 733 479 351 493 468 597 565 488 567 673 522 566 556 427 494 489 606 452 564 969 480 206 474 423 471 355 396 316 314 282 244 266 278 470 315 320 343 248 269 272 308 99 320 236 205 313 161 357 255 266 144 194 91 155 195 142 108 113 143 129 152 112 104 85 87 125 87 162 112 136 115 139 132 69 105 109 139 104 64 56 178 62 114 109 75 45 103 103 111 60 91 49 129 44 31 42 28 28 81 36 58 40 15 46 35 18 10 45 41 17 17 17 22 39 19 41 53 23 22 10 26 36 24 24 13 6 10 27 18 61 12 9 13 10 14 32 10 16 32 34 21 24 8 8 27 15 21 7 3 7 7 5 5 6 3 4 3 4 3 2 4 4 26 2 1 2 2 1 2 1 1 2 2 1 2 2 27 7
3 1 6000001
3 2 5993065 6936
4 1 6000001
4 2 5993194 6807
5 1 6000001
5 2 5993171 6830
time: 2700000000
1 1 7000001
1 2 6992940 7061
2 1 7000001
2 2 6937477 8102 5170 1203 759 763 527 853 701 712 857 413 1015 907 635 659 714 754 915 486 784 828 512 464 656 1907 746 922 665 991 634 535 733 479 351 493 468 597 565 488 567 673 522 566 556 427 494 489 606 452 564 969 480 206 474 423 471 355 396 316 314 282 244 266 278 470 315 320 343 248 269 272 308 99 320 236 205 313 161 357 255 266 144 194 91 155 195 142 108 113 143 129 152 112 104 85 87 125 87 162 112 136 115 139 132 69 105 109 139 104 64 56 178 62 114 109 75 45 103 103 111 60 91 49 129 44 31 42 28 28 81 36 58 40 15 46 35 18 10 45 41 17 17 17 22 39 19 41 53 23 22 10 26 36 24 24 13 6 10 27 18 61 12 9 13 10 14 32 10 16 32 34 21 24 8 8 27 15 21 7 3 7 7 5 5 6 3 4 3 4 3 2 4 4 26 2 1 2 2 1 2 1 1 2 2 1 2 2 27 7
3 1 7000001
3 2 6993065 6936
4 1 7000001
4 2 6993194 6807
5 1 7000001
5 2 6993171 6830
time: 2800000000
1 1 8000001
1 2 7992940 7061
2 1 8000001
2 2 7937477 8102 5170 1203 759 763 527 853 701 712 857 413 1015 907 635 659 714 754 915 486 784 828 512 464 656 1907 746 922 665 991 634 535 733 479 351 493 468 597 565 488 567 673 522 566 556 427 494 489 606 452 564 969 480 206 474 423 471 355 396 316 314 282 244 266 278 470 315 320 343 248 269 272 308 99 320 236 205 313 161 357 255 266 144 194 91 155 195 142 108 113 143 129 152 112 104 85 87 125 87 162 112 136 115 139 132 69 105 109 139 104 64 56 178 62 114 109 75 45 103 103 111 60 91 49 129 44 31 42 28 28 81 36 58 40 15 46 35 18 10 45 41 17 17 17 22 39 19 41 53 23 22 10 26 36 24 24 13 6 10 27 18 61 12 9 13 10 14 32 10 16 32 34 21 24 8 8 27 15 21 7 3 7 7 5 5 6 3 4 3 4 3 2 4 4 26 2 1 2 2 1 2 1 1 2 2 1 2 2 27 7
3 1 8000001
3 2 7993065 6936
4 1 8000001
4 2 7993194 6807
5 1 8000001
5 2 7993171 6830
time: 2900000000
1 1 9000001
1 2 8992940 7061
2 1 9000001
2 2 8937477 8102 5170 1203 759 763 527 853 701 712 857 413 1015 907 635 659 714 754 915 486 784 828 512 464 656 1907 746 922 665 991 634 535 733 479 351 493 468 597 565 488 567 673 522 566 556 427 494 489 606 452 564 969 480 206 474 423 471 355 396 316 314 282 244 266 278 470 315 320 343 248 269 272 308 99 320 236 205 313 161 357 255 266 144 194 91 155 195 142 108 113 143 129 152 112 104 85 87 125 87 162 112 136 115 139 132 69 105 109 139 104 64 56 178 62 114 109 75 45 103 103 111 60 91 49 129 44 31 42 28 28 81 36 58 40 15 46 35 18 10 45 41 17 17 17 22 39 19 41 53 23 22 10 26 36 24 24 13 6 10 27 18 61 12 9 13 10 14 32 10 16 32 34 21 24 8 8 27 15 21 7 3 7 7 5 5 6 3 4 3 4 3 2 4 4 26 2 1 2 2 1 2 1 1 2 2 1 2 2 27 7
3 1 9000001
3 2 8993065 6936
4 1 9000001
4 2 8993194 6807
5 1 9000001
5 2 8993171 6830
time: 3000000000
1 1 10000001
1 2 9992940 7061
2 1 10000001
2 2 9937477 8102 5170 1203 759 763 527 853 701 712 857 413 1015 907 635 659 714 754 915 486 784 828 512 464 656 1907 746 922 665 991 634 535 733 479 351 493 468 597 565 488 567 673 522 566 556 427 494 489 606 452 564 969 480 206 474 423 471 355 396 316 314 282 244 266 278 470 315 320 343 248 269 272 308 99 320 236 205 313 161 357 255 266 144 194 91 155 195 142 108 113 143 129 152 112 104 85 87 125 87 162 112 136 115 139 132 69 105 109 139 104 64 56 178 62 114 109 75 45 103 103 111 60 91 49 129 44 31 42 28 28 81 36 58 40 15 46 35 18 10 45 41 17 17 17 22 39 19 41 53 23 22 10 26 36 24 24 13 6 10 27 18 61 12 9 13 10 14 32 10 16 32 34 21 24 8 8 27 15 21 7 3 7 7 5 5 6 3 4 3 4 3 2 4 4 26 2 1 2 2 1 2 1 1 2 2 1 2 2 27 7
3 1 10000001
3 2 9993065 6936
4 1 10000001
4 2 9993194 6807
5 1 10000001
5 2 9993171 6830
